0000000003 0 11.51 1
0000000003 0 36.23 2
0000000006 0 11.48 3
0000000003 0 36.74 1
0000000005 0 44.65 2
0000000007 1 49.32 3
0000000005 0 25.09 1
0000000007 0 6.98 3
0000000006 0 19.53 1
0000000005 0 12.84 0
0000000005 1 9.5 0
0000000007 1 35.18 2
0000000007 0 9.26 2
0000000003 0 23.21 0
0000000007 0 0.74 0
0000000007 1 33.45 2
0000000005 1 33.1 3
0000000007 0 28.72 2
0000000007 0 19.65 3
0000000010 0 12.16 3
0000000010 0 28.02 0
0000000010 0 23.93 3
0000000010 0 11.44 3
0000000003 1 12.89 1
0000000010 0 10.95 2
0000000007 0 49.71 2
0000000001 0 27.79 0
0000000003 0 40.22 0
0000000005 0 18.81 0
0000000005 1 34.06 2
0000000003 1 9.27 2
0000000001 0 28.56 2
0000000006 1 5.57 1
0000000005 0 43.13 2
0000000010 0 41.51 0
0000000007 0 49.32 3
0000000009 0 36.27 0
0000000001 0 46.73 0
0000000010 0 46.2 2
0000000006 0 48.82 2
0000000003 0 47.19 1
0000000003 1 25.54 0
0000000003 1 10.16 3
0000000002 0 14.79 3
0000000005 0 8.36 0
0000000005 0 21.57 1
0000000010 0 20.63 2
0000000010 0 19.94 0
0000000007 0 30.12 1
0000000003 0 41.87 1
0000000007 0 11.21 1
0000000009 0 24.2 2
0000000001 1 19.92 2
0000000005 0 27.31 3
0000000002 1 15.17 3
0000000007 1 2.04 2
0000000005 0 16.16 2
0000000005 0 12.39 2
0000000003 0 13.1 3
0000000007 0 16.67 3
0000000007 0 18.87 3
0000000007 0 5.39 3
0000000005 0 3.28 1
0000000001 0 8.53 2
0000000010 1 14.72 2
0000000005 0 14.89 1
0000000009 1 3.47 2
0000000003 0 22.35 3
0000000001 0 2.91 3
0000000005 0 8.48 2
0000000007 0 30.58 3
0000000005 1 24.42 2
0000000009 1 1.53 1
0000000006 0 14.3 0
0000000010 1 6.41 2
0000000007 1 24.66 3
0000000007 1 7.27 1
0000000010 1 42.83 3
0000000006 1 30.94 3
0000000001 1 23.66 1
0000000007 0 43.29 3
0000000001 1 11.44 3
0000000005 1 14.21 0
0000000003 1 33.65 1
0000000005 1 22.78 3
0000000005 0 1.63 2
0000000010 0 48.74 2
0000000010 0 12.23 2
0000000003 0 47.7 3
0000000005 1 42.99 1
0000000010 0 48.17 3
0000000001 0 13.99 2
0000000003 0 3.38 2
0000000003 0 8.59 3
0000000003 1 12.11 1
0000000010 1 10.75 0
0000000009 1 1.04 3
0000000005 0 18.9 2
0000000006 1 9.28 2
0000000001 0 25.54 3
0000000007 1 42.93 0
0000000009 1 7.86 0
0000000001 0 23.3 1
0000000001 0 0.92 1
0000000010 1 42.93 3
0000000007 1 31.55 2
0000000005 0 24.37 2
0000000010 0 23.22 1
0000000006 1 6.23 0
0000000002 0 2.06 0
0000000002 0 40.97 3
0000000005 1 11.87 3
0000000004 0 33.65 1
0000000005 0 12.09 2
0000000003 0 36.59 0
0000000009 0 49.97 3
0000000003 0 26.32 3
0000000007 0 24.54 3
0000000003 0 26.61 0
0000000003 0 27.54 0
0000000005 0 31.3 3
0000000007 1 42.04 3
0000000003 1 38.05 0
0000000010 0 28.23 2
0000000010 0 24.81 1
0000000007 0 2.74 0
0000000002 1 11.99 1
0000000009 0 16.86 1
0000000003 1 6.6 3
0000000009 0 49.42 0
0000000005 0 13.46 1
0000000005 0 42.76 0
0000000001 1 47.8 2
0000000003 0 15.98 0
0000000010 0 31.46 1
0000000005 0 34.91 2
0000000002 1 7.44 2
0000000007 1 11.66 3
0000000003 0 47.77 0
0000000006 0 20.63 2
0000000001 0 44.63 2
0000000010 1 18.6 1
0000000010 1 14.67 2
0000000006 0 48.94 3
0000000009 1 49.89 1
0000000010 1 7.1 1
0000000001 0 48.56 0
0000000003 0 41.17 0
0000000009 0 43.27 2
0000000009 0 39.51 2
0000000007 1 36.29 0
0000000009 0 28.21 3
0000000003 1 48.74 0
0000000009 0 25.09 2
0000000001 0 21.5 3
0000000003 0 11.27 2
0000000002 0 5.17 2
0000000003 0 44.93 0
0000000005 0 41.61 2
0000000006 0 46.86 1
0000000007 1 20.3 2
0000000006 0 6.4 0
0000000003 0 44.83 1
0000000007 0 24.64 2
0000000003 0 2.76 2
0000000005 0 25.7 0
0000000009 0 49.39 3
0000000006 0 48.64 2
0000000010 0 33.42 2
0000000003 1 6.92 2
0000000009 0 29.79 3
0000000006 1 25.06 2
0000000001 0 47.64 3
0000000003 0 46.58 2
0000000010 0 9.3 3
0000000003 1 40.36 1
0000000010 0 16.72 3
0000000001 0 45.92 0
0000000010 0 16.29 0
0000000007 1 37.76 2
0000000003 0 32.72 1
0000000005 0 3.12 3
0000000007 1 17.53 2
0000000003 0 23.54 2
0000000003 0 4.51 3
0000000006 0 25.7 1
0000000007 1 30.25 2
0000000005 1 4.87 3
0000000009 0 28.91 3
0000000003 0 17.78 2
0000000007 1 11.25 1
0000000001 1 9.28 1
0000000009 1 7.77 3
0000000003 0 38.52 0
0000000009 0 0.93 1
0000000006 1 16.13 2
0000000005 0 29.31 1
0000000010 1 3.42 2
0000000010 0 16.65 2
0000000010 0 3.73 2
0000000007 0 10.83 3
0000000003 0 44.44 1
0000000002 0 38.33 3
0000000007 1 10.56 2
0000000005 0 34.08 0
0000000009 0 23.07 1
0000000001 1 30.04 0
0000000010 0 32.62 2
0000000007 1 49.19 3
0000000003 1 24.2 0
0000000007 0 6.0 2
0000000009 0 38.21 0
0000000006 0 28.36 1
0000000003 0 42.7 2
0000000001 1 49.53 2
0000000009 0 40.84 1
0000000010 0 28.06 1
0000000010 1 13.16 0
0000000003 0 10.13 2
0000000002 1 33.2 3
0000000001 0 26.89 1
0000000010 1 27.47 1
0000000007 0 23.0 3
0000000007 0 40.27 3
0000000001 1 14.69 2
0000000010 0 24.95 3
0000000001 0 41.58 0
0000000001 0 8.85 3
0000000001 0 15.33 1
0000000007 0 42.88 3
0000000005 0 2.0 2
0000000005 1 3.49 1
0000000010 0 16.55 0
0000000005 0 43.29 2
0000000007 1 38.82 3
0000000005 1 38.93 2
0000000010 1 8.14 3
0000000007 0 38.74 2
0000000007 1 5.02 2
0000000005 0 30.67 1
0000000007 1 26.57 2
0000000007 0 49.51 2
0000000001 0 2.6 0
0000000005 0 43.02 0
0000000007 0 49.78 0
0000000006 1 24.52 3
0000000003 1 28.91 3
0000000003 0 16.13 1
0000000005 0 1.27 1
0000000005 0 20.85 1
0000000007 1 20.05 0
0000000003 0 32.25 1
0000000004 0 35.96 2
0000000003 0 42.94 1
0000000003 1 26.71 3
0000000005 0 7.93 3
0000000001 0 19.6 3
0000000001 0 32.71 0
0000000001 1 20.11 0
0000000009 1 1.78 0
0000000005 0 46.0 3
0000000007 1 30.58 1
0000000002 0 41.96 2
0000000006 0 34.96 0
0000000005 0 24.89 1
0000000003 0 3.01 1
0000000007 1 0.31 0
0000000001 0 5.77 1
0000000001 1 47.27 0
0000000003 0 26.56 1
0000000005 0 3.55 1
0000000006 1 5.44 2
0000000005 1 40.78 2
0000000005 1 11.09 3
0000000006 0 26.62 2
0000000009 0 9.37 0
0000000009 0 17.43 3
0000000007 0 23.05 3
0000000009 1 22.44 3
0000000007 1 42.35 3
0000000009 1 31.99 2
0000000005 0 49.32 3
0000000001 0 24.14 1
0000000007 1 36.19 2
0000000010 0 44.42 2
0000000003 1 16.52 1
0000000001 0 9.14 1
0000000002 1 30.06 0
0000000003 1 37.37 1
0000000002 0 24.06 0
0000000009 0 49.66 1
0000000006 1 46.77 0
0000000003 0 46.62 3
0000000007 0 26.99 2
0000000007 0 12.26 3
0000000003 0 9.6 1
0000000001 0 34.67 1
0000000003 0 45.89 1
0000000010 0 34.05 3
0000000006 0 18.47 0
0000000010 0 12.53 2
0000000003 1 34.15 2
0000000006 0 21.76 0
0000000008 0 23.06 2
0000000003 1 7.16 3
0000000001 0 35.86 1
0000000009 1 36.4 3
0000000007 0 46.28 3
0000000005 0 28.69 2
0000000006 0 15.45 2
0000000006 0 8.02 0
0000000001 1 35.9 2
0000000001 1 9.87 3
0000000003 0 22.97 2
0000000007 1 24.04 1
0000000005 0 18.97 1
0000000005 0 1.21 1
0000000005 1 1.47 1
0000000005 1 8.3 1
0000000007 0 38.7 2
0000000002 1 0.93 2
0000000005 0 40.56 1
0000000007 0 17.36 1
0000000004 1 22.01 0
0000000005 0 40.6 3
0000000010 0 44.85 2
0000000006 1 32.28 3
0000000005 1 19.07 0
0000000009 1 34.86 3
0000000005 1 43.3 3
0000000009 0 5.08 3
0000000006 0 44.83 0
0000000007 0 23.79 1
0000000003 0 6.79 1
0000000004 0 0.11 0
0000000003 1 7.67 0
0000000002 0 37.49 3
0000000010 1 13.89 3
0000000010 1 47.44 3
0000000007 0 43.01 3
0000000010 0 49.92 0
0000000007 1 32.19 0
0000000009 1 20.82 3
0000000009 1 0.79 2
0000000005 0 29.31 3
0000000001 0 32.66 2
0000000005 0 25.6 0
0000000006 0 43.36 2
0000000001 0 14.25 3
0000000004 1 47.14 0
0000000006 1 13.73 2
0000000009 1 33.89 2
0000000005 1 23.8 0
0000000005 0 33.5 1
0000000006 0 6.96 2
0000000005 1 20.51 1
0000000009 1 31.26 3
0000000006 1 2.92 0
0000000003 1 17.52 2
0000000003 0 34.9 2
0000000001 1 45.2 3
0000000010 0 45.25 0
0000000005 0 32.37 3
0000000002 1 15.29 3
0000000007 0 21.19 0
0000000007 1 7.58 1
0000000002 1 26.08 1
0000000004 0 31.43 3
0000000002 0 48.42 1
0000000007 1 16.16 2
0000000005 0 40.99 0
0000000001 0 32.77 3
0000000006 1 27.69 2
0000000007 0 17.39 1
0000000007 0 6.37 3
0000000007 1 42.51 0
0000000001 1 11.76 3
0000000009 1 12.64 1
0000000003 0 1.85 0
0000000006 1 6.74 1
0000000009 0 21.76 2
0000000010 0 49.12 1
0000000009 0 20.61 2
0000000005 0 19.79 2
0000000005 1 9.29 2
0000000005 1 34.0 3
0000000006 0 22.68 3
0000000006 0 11.62 2
0000000003 0 24.36 3
0000000007 0 5.45 1
0000000003 1 17.79 1
0000000009 1 33.96 1
0000000003 1 21.83 3
0000000007 1 39.73 3
0000000009 0 9.21 2
0000000005 0 49.85 2
0000000006 0 28.44 3
0000000005 1 17.04 0
0000000003 0 14.85 3
0000000003 0 0.04 0
0000000007 1 15.51 0
0000000006 1 32.33 3
0000000001 0 8.57 3
0000000005 0 3.1 0
0000000010 0 47.02 2
0000000002 0 3.06 2
0000000003 1 30.27 3
0000000005 0 34.6 0
0000000003 1 22.96 0
0000000005 0 20.03 3
0000000005 1 2.01 1
0000000005 0 27.52 0
0000000010 0 45.49 3
0000000007 0 3.68 0
0000000007 0 48.22 2
0000000006 0 27.6 0
0000000003 0 20.71 0
0000000009 0 35.03 1
0000000005 1 16.05 2
0000000006 1 11.8 2
0000000003 0 27.28 0
0000000005 1 37.67 1
0000000007 1 31.04 1
0000000002 0 16.03 1
0000000010 1 13.72 1
0000000005 1 15.57 3
0000000005 1 40.5 1
0000000006 1 4.51 1
0000000009 0 27.5 1
0000000010 1 33.11 1
0000000002 1 8.04 0
0000000010 0 26.59 3
0000000005 0 33.43 0
0000000005 0 27.62 3
0000000001 1 17.1 2
0000000002 0 8.66 3
0000000003 0 31.86 3
0000000005 0 18.35 2
0000000003 1 18.4 3
0000000009 1 33.96 0
0000000001 0 17.06 3
0000000002 1 12.66 1
0000000003 0 11.76 1
0000000009 1 25.53 3
0000000007 1 1.96 1
0000000005 0 47.66 0
0000000006 0 24.63 3
0000000009 0 15.97 1
0000000007 1 27.2 1
0000000002 0 26.17 3
0000000002 0 37.07 1
0000000005 0 26.57 2
0000000007 0 49.35 3
0000000005 1 14.41 3
0000000010 0 36.95 1
0000000001 1 17.52 1
0000000010 1 4.73 0
0000000003 1 13.93 1
0000000007 0 4.31 0
0000000005 0 27.9 1
0000000001 1 3.73 2
0000000007 0 42.95 0
0000000005 1 33.75 0
0000000001 0 30.55 2
0000000005 0 13.3 2
0000000001 1 9.86 2
0000000010 1 22.65 1
0000000009 0 6.44 3
0000000003 0 46.62 1
0000000006 1 0.96 0
0000000007 0 26.41 0
0000000001 1 40.68 3
0000000007 0 40.2 1
0000000006 0 26.62 0
0000000010 1 31.5 3
0000000002 0 16.42 1
0000000003 0 21.03 3
0000000002 1 29.44 1
0000000005 1 6.49 2
0000000003 0 43.6 0
0000000010 0 25.61 1
0000000003 0 43.69 0
0000000010 0 48.8 2
0000000003 0 24.09 0
0000000010 0 39.75 0
0000000001 0 35.56 3
0000000001 0 42.79 0
0000000007 1 39.99 0
0000000005 0 20.33 0
0000000005 1 46.9 1
0000000006 0 37.32 3
0000000003 0 28.9 2
0000000007 0 33.27 0
0000000003 0 33.95 1
0000000006 1 44.5 3
0000000002 0 12.25 0
0000000007 0 20.09 3
0000000007 1 5.52 3
