917
210
443
198
713
768
840
568
867
890
383
671
550
693
227
332
855
683
788
879
824
71
285
374
148
796
810
582
808
717
307
455
949
632
977
263
697
35
839
145
843
898
253
312
403
225
680
978
288
816
829
952
888
339
234
459
193
348
743
134
734
880
996
22
924
82
254
29
286
566
594
756
0
90
958
926
241
461
928
357
771
423
679
396
39
774
282
272
121
226
646
862
903
687
718
50
352
190
802
578
359
91
453
706
544
616
695
601
932
319
593
45
150
292
881
891
346
962
213
672
1
499
265
699
872
488
212
870
314
627
433
471
735
597
618
519
156
951
153
773
26
739
258
473
732
243
344
297
221
525
438
168
562
147
119
929
309
564
384
920
238
179
170
18
545
930
642
37
526
603
701
957
979
947
336
698
710
812
31
475
447
494
88
260
624
228
161
386
886
202
781
74
744
931
847
64
280
511
42
916
375
997
974
524
819
641
61
25
861
897
496
397
157
452
561
431
541
185
731
76
415
428
44
669
131
871
595
515
343
229
139
481
329
320
169
330
724
576
115
986
630
341
382
454
421
848
678
462
38
915
946
451
614
684
391
664
10
165
516
270
371
43
637
449
132
9
73
277
400
875
834
790
398
670
46
506
845
818
110
54
723
356
921
490
782
599
94
412
535
381
927
187
408
728
109
409
316
849
239
851
661
704
722
486
298
251
129
306
912
323
484
610
117
379
12
565
56
572
985
639
406
969
681
255
181
354
692
981
4
184
560
207
66
358
98
889
961
353
750
899
980
301
960
223
559
700
83
536
549
8
441
279
853
81
556
990
696
877
658
827
521
638
206
830
570
183
846
602
485
805
809
189
746
372
92
20
901
93
100
563
215
628
460
220
883
694
128
457
399
57
503
463
127
991
665
798
892
478
465
114
976
967
523
676
690
107
321
832
123
411
308
340
152
729
311
102
546
313
620
51
757
942
291
988
116
751
775
831
753
230
268
622
338
652
786
417
407
878
95
538
703
450
487
6
938
178
517
998
838
387
24
799
335
15
770
727
777
857
342
361
393
492
908
655
675
414
896
63
211
626
778
112
944
108
811
589
649
425
392
247
500
278
682
276
294
972
175
518
58
858
983
315
604
235
196
218
322
573
772
333
758
250
904
158
351
49
435
2
224
365
136
882
310
948
592
806
869
579
203
905
745
674
533
795
711
444
992
200
458
936
954
429
464
833
668
581
186
894
363
167
708
648
376
755
130
328
470
608
779
534
479
113
489
133
689
466
476
720
590
34
111
78
413
906
583
7
574
271
173
493
140
975
326
171
439
856
194
350
884
11
290
787
324
208
349
794
740
555
657
160
907
125
748
619
446
53
613
217
159
273
296
529
364
923
75
305
422
84
380
654
300
754
337
956
70
635
445
166
821
199
69
712
866
702
933
426
874
822
87
118
873
497
836
373
640
716
895
293
192
182
733
394
922
966
995
813
289
482
303
677
498
65
763
959
887
691
172
609
120
402
520
859
55
761
21
103
606
143
237
502
40
366
860
584
939
617
389
994
575
625
304
542
514
964
360
803
79
106
77
269
820
219
621
569
295
86
437
432
246
491
910
144
468
395
191
302
104
588
789
248
552
62
650
33
765
667
256
719
714
647
164
512
480
943
852
505
537
784
195
971
275
180
817
154
804
666
52
28
259
5
663
233
769
925
174
530
99
367
842
419
705
362
865
686
155
767
837
850
418
902
440
785
963
623
611
945
567
369
835
89
918
16
404
688
142
327
424
274
201
510
420
885
188
32
85
472
331
911
725
612
600
800
643
17
760
792
345
267
370
47
736
970
815
299
410
987
656
245
532
72
334
60
368
825
941
427
68
507
377
554
950
137
105
96
101
596
587
41
244
726
416
430
844
325
197
48
747
401
659
97
982
919
477
216
378
126
741
222
318
662
968
737
876
764
232
355
828
236
262
543
317
759
636
508
527
283
783
989
585
264
791
124
955
793
141
442
749
23
135
36
504
615
266
715
19
645
651
80
539
631
522
854
149
30
242
738
973
3
513
405
13
721
780
863
495
448
385
390
501
913
204
347
605
205
553
509
742
27
577
67
653
151
797
752
436
893
999
252
633
644
914
580
240
261
571
864
730
558
762
474
909
953
59
547
122
634
984
138
673
548
826
214
709
629
163
231
176
607
483
177
993
685
935
162
557
456
281
807
900
814
284
868
540
776
598
940
591
257
766
287
528
934
467
965
249
551
841
801
823
146
209
388
434
586
14
660
469
707
531
937
