817
8743
7949
3816
3229
6769
6109
8941
7168
6230
9831
969
1757
8726
421
8383
474
9931
8554
7202
9064
8775
8350
8979
4185
5511
3144
1221
3263
1721
127
2186
892
535
2706
9371
121
1198
1984
107
2123
8535
7294
8668
5444
2389
1313
4051
7106
5178
153
5967
5643
4860
3103
9242
4092
9259
3116
5457
8727
3154
4090
7203
6796
1959
1807
8184
782
9316
8419
6748
1862
9527
8195
8681
8939
1071
4890
5279
569
2735
6090
7395
2965
3344
963
6273
563
2894
9814
5358
7349
4223
2035
2155
5334
5341
5991
9902
9525
2777
6527
1885
1143
2360
7533
2991
5825
4004
637
7560
4220
3429
313
3555
9838
5830
3912
2536
7870
2251
9338
1933
479
2271
2139
5372
5463
530
6389
9071
2936
5101
9385
9942
5769
2460
8558
8028
7697
4628
4863
9053
5582
2601
2074
1104
1835
9015
7819
2354
8281
8459
9938
9141
9563
3497
7759
8756
790
2913
3695
3049
4804
7196
4483
6191
5938
859
37
6060
4765
5756
9308
6242
265
3886
1798
4879
1031
7080
3387
5351
7451
8915
8588
8835
3215
692
3561
443
8246
9599
3553
1793
7271
4061
5201
1839
3175
6601
8693
1216
5598
4866
9324
6629
3838
194
4746
2464
5151
2860
797
6703
417
4431
1876
2633
2255
8978
2881
5853
2447
7238
1207
3852
8185
3048
6064
2203
3957
2471
5677
6448
187
5128
4559
4831
613
1879
8477
175
6021
9778
6173
8735
455
5345
2066
6883
7318
5432
4140
9245
1438
4467
3338
7138
9140
8461
3878
8109
6180
6619
625
1239
1098
2409
7274
4790
5574
1575
5020
2315
2610
3183
7572
7999
9636
300
1996
3902
7758
974
3611
9431
5228
5742
3435
3053
7418
8672
7929
8257
4540
7402
5701
6546
9212
3411
6917
4712
8365
1663
2548
9738
6806
4527
9805
6370
9437
2075
471
9372
1420
951
8951
271
5389
8352
2834
8381
4934
7592
1061
4432
5595
3905
5997
9567
2973
4122
7604
5276
5210
5528
1439
4271
4056
7669
2351
6471
3887
1722
5601
7287
902
81
3991
8167
493
7671
7218
4702
8569
1880
8862
2783
2502
4761
4839
5753
6514
3977
4109
8470
3177
8646
5508
8975
5183
7513
2436
9602
2316
7745
2508
4933
4788
602
201
4605
4405
4374
347
5662
3802
1173
5721
8287
2614
592
5219
5202
4305
1369
6349
4150
4545
4434
5053
6861
9234
2213
1587
2863
9300
36
6287
3781
3431
4940
162
5657
314
672
7848
5252
8673
8041
1185
3869
3658
8910
1122
1120
9428
3858
4604
4255
3608
7773
4774
5561
7348
9918
6393
1811
6784
4558
3726
8421
3649
3155
2690
2302
5785
2908
1343
4065
8181
2482
3896
8993
2889
9565
5937
5387
3667
1213
4564
2580
4979
8523
5905
1452
4650
9118
7335
2891
7078
2715
6417
7071
2126
5307
5366
4388
3928
9433
6574
932
7714
7738
4488
4932
1137
4964
3978
5056
5845
2964
630
3299
8061
1476
6293
4674
5233
7835
8348
5102
3199
3848
4409
3720
1206
8337
5474
4325
8088
8510
9892
7607
6006
1163
6162
2876
5634
3904
5910
4982
7632
1459
1014
4207
1054
7155
2632
7306
1435
1002
5961
8007
7594
5042
7079
2602
3840
9448
3243
3355
2
1144
5333
8187
5984
9252
6275
1461
57
5217
5564
176
7383
4869
6889
2387
5061
8977
3546
5286
5754
781
4924
679
6999
2642
9224
5115
510
1593
1265
6178
1371
6327
5187
5941
389
6208
2968
5
5274
5996
5841
3815
751
7945
3643
3356
9566
1020
3770
4714
1467
9004
8748
8238
3780
8567
3932
8788
9251
1765
3079
8089
1754
4465
9593
3674
6387
7308
5702
6744
1158
5519
9711
8884
5495
1865
6066
6040
868
3819
3451
2871
9490
1909
9785
141
1182
7129
6580
9030
6608
8253
8602
8157
7699
3068
7866
8058
1631
1982
6398
2036
1244
8930
723
6804
9968
1720
768
5086
9604
757
1262
7480
772
1893
3066
8709
1901
4439
8485
2638
1797
6235
3595
2625
4329
9058
6025
1118
9742
612
4463
5462
3462
8033
834
9301
2330
724
7484
8787
4468
1864
8733
362
5324
3465
188
8638
9393
3449
9660
9922
9267
8965
1816
6827
7653
1222
8589
8379
5258
75
1723
8630
2325
2879
8074
86
3089
939
6830
3589
9322
9331
7389
8202
2852
5182
8434
2797
9232
8841
5958
6329
1919
7661
5486
845
5029
6774
5222
4203
5113
6602
4636
3705
8010
5164
5874
7088
4543
6719
5919
8913
6431
4441
6484
3747
2248
2654
5987
3540
100
642
6228
3013
2759
9247
6698
9583
4494
7356
8333
5343
549
6065
7778
1283
1767
5818
8555
8329
3528
3580
8874
5365
7295
2953
1052
7822
8888
812
1050
5100
173
2459
8304
378
5195
1390
9944
3846
3934
8173
7181
6270
2340
2950
5005
9055
6446
5652
9627
8498
2497
9218
7188
80
4891
7984
5898
7491
1170
584
7597
4127
831
5927
5622
7930
5002
8197
7118
6551
6517
4560
5437
7319
394
8204
1943
935
3340
5435
5490
6896
6125
2297
4290
9026
6494
5729
2366
2106
2009
1339
6686
6682
6047
6887
7893
407
5672
8745
8103
4403
2511
560
8680
2420
1890
4553
4198
372
3280
5704
7968
8081
2937
876
2649
6245
8049
73
6406
131
8892
5363
4882
1337
6026
2090
8360
7432
4888
1686
8285
7134
1559
6395
7936
4990
586
1457
3209
2435
4117
7161
3107
2425
9345
4264
5986
7317
4647
9540
3517
9691
5865
9767
4926
7793
5953
8736
5177
1440
4091
3596
9843
4521
6859
3406
6342
2246
9147
2201
2332
9705
6886
9700
3505
5605
2503
8876
9639
6338
4130
9160
8254
5816
2880
8557
3687
9999
5644
8280
3652
2256
677
8530
6653
6951
4537
1637
6528
1854
7082
8156
6549
2659
7152
8850
1820
1218
808
8460
2818
3008
4749
1595
8981
9274
6671
223
1190
3989
5169
2020
5947
6442
2853
7547
6392
1888
7399
3715
1044
3301
873
7206
2604
2770
1045
4362
7855
4084
3393
9596
4936
8717
4651
2393
5593
3372
5993
8210
1034
5059
9373
7285
6015
7230
9406
6495
168
3296
1402
3832
3744
4034
654
108
3027
1441
7497
4776
3350
656
4516
5639
7020
6079
5033
631
1682
927
8339
3208
6639
190
6757
3261
8161
8119
1844
1503
3754
5066
8465
2532
2225
8227
9332
577
4597
9696
3085
4089
66
3185
1260
2974
1725
6982
9903
5425
5544
1902
1620
844
3538
1426
4286
3907
3153
6854
7577
4985
7702
2906
3773
4139
3602
8542
9457
9827
6475
7251
22
1069
3084
3935
490
9789
391
5735
5545
4250
6611
2299
3899
3024
1041
115
2824
8827
968
5484
149
6983
4334
2645
5470
1412
8265
3895
3864
6505
7374
1692
7299
8996
4017
8546
2899
5230
7712
7843
1548
1528
9452
3303
7514
6621
8078
6294
7298
7948
231
3364
7166
2948
3499
6265
229
3513
9104
7425
621
9384
4945
4600
796
7746
4492
8665
1445
7224
8932
2680
9972
8518
240
7512
8605
4298
3057
9168
8611
17
8833
775
9413
5028
1687
4240
7221
4386
9926
2347
5282
4921
4763
5775
6745
2158
2032
9721
7253
6552
3476
5895
142
8219
4041
8316
3192
9791
966
9690
9027
2791
5204
5959
6137
8233
9171
2995
9453
7015
5737
5504
6325
257
3942
4107
542
3249
9305
103
2565
6504
33
8437
8436
7654
1644
2635
728
4326
6080
538
3924
364
9932
8216
2697
9257
7657
7612
2873
6341
6941
4032
984
2405
8886
8661
7434
6979
1512
4811
3722
3346
2367
1314
1136
3021
1840
699
506
319
4430
5995
1148
3946
8560
458
2178
870
983
1815
1841
2692
8504
7919
1379
2198
6375
1367
6964
525
3129
1219
3442
4342
3874
1436
6145
6374
4183
4000
5374
6770
3285
3253
174
6871
7766
5063
6157
4989
3452
4048
5854
2050
1580
8140
714
1150
779
7811
2533
9485
2909
3381
1571
89
521
8243
1333
5829
2933
2772
7488
5385
7986
2383
5810
3821
6890
9350
686
6689
3162
4900
4157
7284
8416
4941
9220
9638
9680
9935
8870
3953
9367
9225
5405
4596
2103
9584
4470
675
582
1621
7038
3405
7552
9668
3888
6151
7735
7962
1837
3779
5840
8823
1985
3220
1755
9535
5024
1464
98
9651
24
3850
6918
8609
6559
1611
7248
9736
1025
1212
9790
2479
9161
5589
237
4937
4165
5161
1701
917
172
7680
1492
6812
5055
7040
5438
1403
5446
8806
3388
1633
8728
4038
5367
7525
6792
5817
3925
2257
3745
1413
7452
903
7010
8391
3297
3578
9389
5957
8267
5501
8793
9952
9526
2373
2061
4445
7530
4042
2143
2661
8020
7250
6502
1750
6314
4918
3195
4974
4486
2875
6063
489
767
7707
5885
1446
4955
9719
663
7807
6367
5523
7502
1905
6849
9555
2098
7861
9977
9784
4145
546
8631
8866
1141
3362
9963
6842
7326
7703
6594
4907
9321
5698
2175
166
8085
4625
9292
9601
6183
5194
7009
4328
1168
6642
3635
1738
6624
9908
3908
9797
4535
419
2971
4676
1868
7831
739
9786
9360
8895
8120
3463
925
3094
4750
8208
5917
7290
3966
8771
9729
1171
8495
9872
2294
3892
3516
5616
3260
4892
1082
3188
411
4927
5815
3047
8885
5129
6640
9184
690
5198
965
9021
6725
6131
894
6831
8769
9995
8603
3102
1666
1320
426
4018
3241
7676
3237
4943
2052
9832
7906
1276
7367
8076
5527
6239
4244
2859
4957
5772
9080
208
4358
7516
9285
6937
7815
6519
5340
2686
6600
6949
7043
9541
666
878
7527
16
1434
8212
9185
6263
5666
6052
763
6791
964
2033
3319
5212
9463
4260
4800
6537
279
6960
9125
4274
6946
1486
5710
9204
2923
9031
2068
9422
9096
6751
8327
971
1788
3105
1771
6965
2615
2560
8301
1561
3833
5684
9681
5728
1304
9958
9951
3672
3250
5560
9025
9
1189
6465
84
1564
1099
6492
4365
7539
3963
8274
9268
548
5089
5138
1237
5866
5783
707
8095
1209
636
5383
2935
4578
9799
370
2485
6373
7459
2703
1453
2666
1735
4536
1073
3240
579
7017
6672
7883
6422
6944
369
35
657
1307
1907
7820
8385
3191
6821
8820
1349
4235
1301
926
1824
9470
2188
9281
7850
8893
3368
7524
827
7762
4894
6650
9166
3619
6249
6288
5237
7924
415
9426
7681
1268
3076
9151
2322
3138
8105
7804
684
8734
3082
6284
7544
8966
5174
6995
3018
1362
2319
9683
6518
6019
72
6333
872
2630
6738
8952
8708
8332
9008
1495
1583
6149
1324
3696
5332
9263
1484
3479
2512
5661
9200
2149
2951
2419
536
2808
2988
116
1579
9195
4456
3414
8566
5492
4699
1618
6036
1931
5954
1053
256
1415
9468
1067
6094
5642
7983
813
2877
8012
2402
2215
1997
1730
7715
1394
6257
1796
6252
6435
5466
3686
3067
1756
6766
8814
8666
7561
5863
7406
7157
6523
5717
897
6998
4840
1733
1419
7051
8935
804
275
9913
920
3865
3653
732
2612
249
111
4313
956
2538
9937
6259
5799
1830
512
8353
754
1368
6846
6592
3470
1345
7509
6014
3339
4778
2714
8426
826
8763
3480
3379
848
8291
3391
3737
5015
3210
3055
7935
8974
5880
2751
6912
3576
4407
227
5399
741
8773
6144
71
2719
8714
1285
4310
4055
2397
3970
1351
441
4939
8429
4508
5325
6313
4978
1101
6401
858
2928
5529
4791
9405
7117
1972
4354
4267
7281
6539
9415
8027
1410
7100
3633
5983
132
126
1999
9288
6634
7858
8531
122
3811
6916
6264
670
6159
2034
9992
197
6615
4577
1652
3009
2977
2408
2289
5338
8200
3618
9834
3234
1928
6691
6203
2136
9145
515
7073
5322
160
45
7191
4243
9539
6301
7567
4592
4637
5315
8056
6578
4873
3906
4114
7062
405
8386
3230
2657
6943
8101
9748
4561
3716
349
9923
6932
4473
8439
6942
6289
5787
6809
5080
7733
6542
532
7578
1896
6987
6798
6167
1863
5860
8278
6785
5538
9339
7095
6617
9758
7390
3675
8594
2127
3594
1947
4478
5565
7599
7153
8552
7458
9228
8664
729
6604
4609
1683
2975
7172
4285
3022
8038
2413
5542
8687
928
5761
3556
1072
3785
6124
5150
1081
5239
9648
1897
9764
6407
3135
9262
2427
9959
3375
4871
4971
4624
6179
8778
1536
7895
9788
4706
5297
1416
1697
8669
4392
1488
4077
929
2897
4557
1466
9532
2394
3367
6132
8702
3910
4348
9302
541
8997
2727
8261
236
3941
1550
6372
8172
994
7393
9551
7186
4119
8467
9279
6643
4610
3862
4653
7454
5261
8474
9813
7396
5454
1019
3226
4315
5814
7990
1962
8389
401
7470
8954
2961
7982
8563
9085
5428
5859
1335
8635
2689
14
610
5347
6913
1315
600
7510
5244
3305
3947
487
8375
1938
6633
7466
6839
2185
8250
7275
8182
9054
5964
9244
6961
5673
8516
4357
7382
5551
877
8317
557
1256
6411
6331
5189
6777
5803
3132
6794
4265
1327
4767
849
8331
8667
1803
8328
1455
2981
278
1406
6450
5933
2240
1383
8744
7967
9983
6217
1193
5872
2518
7650
7300
9494
437
7240
272
7849
7885
508
7368
5321
6620
6394
3168
3834
8273
8613
7896
5173
1912
3866
2901
2527
2874
7034
9510
1187
7104
2959
5709
1164
7092
3274
1518
3525
1591
7061
2399
1983
7420
3437
5934
1789
2726
9328
2296
4641
5960
5782
6726
4522
5001
6975
1516
7350
8703
7732
4954
7965
6304
1831
3637
6115
8873
2888
2261
6805
9326
9108
3749
7956
4168
3036
1398
2290
5419
8107
6030
3971
6710
1951
2593
1478
7130
2566
7004
3216
2579
2673
4812
1802
6558
5391
816
953
3527
6141
4716
3347
4813
5694
3492
5656
5401
1539
2870
2813
1672
9591
9970
7379
9277
2798
7573
7179
8345
3306
815
1670
9543
384
1674
7384
1353
6817
4112
3632
1433
6482
4711
8310
6873
8168
51
1282
1508
3919
9533
7072
286
2252
8220
4694
9663
6262
6470
5629
8468
4988
5090
1194
4341
5537
6530
4333
9647
2021
4284
6746
5349
899
2352
9538
2683
9253
2174
5798
348
2277
5225
4256
5022
5715
1272
3063
7973
8761
6968
9561
2016
5653
1551
4162
7150
9214
6087
8262
7345
9960
1628
336
2060
524
1553
4529
9760
7468
8155
9857
1818
3883
937
3174
6589
9441
2443
7684
25
7988
1240
8006
291
1331
5597
8004
1489
6408
9474
1924
2456
1513
5224
1181
4660
9630
5099
8513
8802
4938
1447
32
4959
3622
6416
6429
3794
4909
3760
5623
3743
5190
9511
7508
2893
351
7789
9582
9299
4566
7873
6443
5004
238
1004
6996
204
6952
6526
6118
8682
6729
3419
4942
8023
2854
4548
2470
3152
6351
9036
8069
1308
5509
2348
6520
2563
463
1772
500
4721
6586
8177
6649
1501
1729
7423
1777
8239
2474
3507
1555
8808
5157
8856
7419
8982
9820
1094
8112
9893
2676
1097
5641
4952
9404
4400
8473
2787
9439
8725
1547
170
8412
7123
518
2570
6706
9933
2323
7595
7277
2130
3634
898
9102
5247
7723
9724
3670
312
5731
6885
6645
8305
8578
795
1017
3331
6215
5837
3182
9793
3090
7660
7996
7355
5254
7586
6103
1922
566
1934
6623
9254
6243
5821
5141
222
9043
191
8366
8945
2573
1635
2603
1340
7370
9943
2168
1521
4295
6972
1963
1063
2905
6824
8927
2517
7957
6302
8272
2314
2144
5714
2249
4680
1388
1600
2830
136
2785
1560
8011
1524
6597
1359
2561
652
3157
7796
101
6541
1782
2391
2263
3255
8116
2574
905
9692
6760
1128
3936
4807
6445
4832
235
8651
6153
4963
6184
3038
9095
4413
8125
5415
4532
6959
7249
3412
4962
1992
6631
5226
4416
8002
1950
3682
4949
6340
7109
2029
4349
1231
4618
3200
5766
3374
1510
7331
3016
765
1541
8440
3159
94
2432
909
5149
8395
8718
2117
5148
2031
2003
432
3245
161
3264
8854
3931
9001
635
2321
799
4781
2910
8149
8030
216
9023
1482
4956
8258
3503
7387
722
2587
8556
4015
4047
11
3397
3323
7057
4366
2287
1742
9188
7163
3642
8282
7334
9850
5790
5566
2684
4398
9981
2244
117
8991
8764
7800
5021
4369
181
5025
2584
4241
3304
7788
48
0
3225
8313
6363
9866
4113
2780
7044
6335
7288
989
3456
5676
8092
3529
6098
1292
5681
6
4226
2254
5353
6469
6548
1764
5532
2653
8813
4960
9623
595
1493
9616
4961
2506
5541
3636
5139
8924
691
3031
9236
6344
6903
445
129
9821
5456
1243
4351
6128
7246
9777
785
88
1095
2069
6423
5521
7517
9862
6472
9865
6220
8839
9052
1694
8009
6840
1300
1651
7743
5450
861
8034
865
2507
2705
7757
308
5505
9579
8526
2658
7132
5985
2845
1827
2490
7797
8423
486
8938
91
717
6655
1047
1399
1408
424
676
5966
2757
6303
7194
8190
4739
3520
1624
7019
9006
4588
1530
7413
3267
8587
8341
4835
3035
6171
4297
6847
1013
2324
961
570
6206
948
6521
6498
2450
9718
8266
643
4530
6780
743
2288
2148
1703
6856
5628
8858
8231
6933
3986
7416
1942
3813
4614
7742
1480
4601
9888
9516
6413
7302
2121
3385
4352
8384
102
6081
451
8538
189
6380
4756
5317
4033
836
3000
9974
7131
6175
6281
1470
8985
9363
2929
7444
9390
950
8225
3300
593
2857
540
9671
3613
3486
4847
9571
6439
8971
2564
8548
5680
4443
9467
3930
6474
2441
4757
9808
627
513
2998
1995
744
2549
4708
587
9715
3739
4317
4528
4212
3797
8917
3826
7787
5590
5848
2970
5809
2741
9327
773
3959
7244
38
3037
3812
7579
5378
8024
1242
8652
1105
4856
1987
9464
9899
5647
6958
2111
1867
1016
4218
1091
1784
8564
6111
8482
9483
8174
1700
8494
5899
9424
2028
5229
9256
324
933
5309
5968
8762
4464
9615
2463
5971
705
4981
252
2760
9012
9687
8218
2718
266
9676
1702
1780
3083
1303
1299
9072
3791
4275
770
260
9438
2264
3583
8398
7810
6222
9194
3500
8900
3512
6188
526
9920
3176
2624
1281
3774
6493
1783
6929
9697
2663
4910
3100
5663
883
5420
2260
3685
2171
403
9131
3661
5671
2048
6059
938
3141
5658
6182
193
8251
9701
2162
8624
5588
7674
6315
7534
5558
1939
4820
3711
3134
8553
2070
2300
4487
4316
9896
8710
995
2204
5982
7489
4011
3982
9039
1140
5573
7056
9753
1527
7899
4590
1988
9936
1744
6449
4142
1093
8976
2809
8413
4182
7583
843
5572
5655
8972
8367
1310
5392
2557
3765
1083
332
2172
9342
8302
456
292
7289
8520
359
9354
3484
8334
1726
6899
653
2141
7231
9550
3151
2671
2025
1424
1940
4857
3193
3461
6595
7942
9103
5631
4411
1306
8953
8124
2370
3526
5974
7783
4722
1169
3875
276
4474
8134
5612
7053
9941
8600
3271
2858
2924
1979
2196
583
7995
5719
8032
5851
2749
6481
1779
2786
2013
3270
1801
5828
3537
7816
1267
3029
7884
9886
783
7112
485
8438
1113
3855
4993
4406
2720
6897
7164
4724
9083
6593
2005
3990
5800
8532
3433
4013
1973
8303
180
4953
2338
688
1077
8507
4758
7339
4294
4129
3660
4904
8907
8922
9863
6717
9123
8867
8065
382
2272
4912
2954
6510
7013
1341
1223
143
241
7814
5909
8999
6048
5767
8529
8400
727
8135
8969
6739
1563
856
4376
8636
7827
3880
8695
9982
7272
3329
7081
9909
6844
3571
9082
2181
1732
5009
6834
1463
6950
6981
8292
125
6334
5499
2776
1728
6388
9810
3847
4330
5942
4383
979
4087
8860
2575
2327
3272
1937
3796
2313
5878
9695
5390
1321
1763
5637
2983
5512
8864
3392
7141
3246
9976
9352
2486
3889
439
1474
7886
2457
1334
9397
8248
5271
5580
9684
6795
4533
8844
8732
5556
5822
2377
9115
2530
2241
3194
1317
6664
9556
7493
6556
6165
3108
8592
8670
2116
2525
7223
3975
5181
8019
8408
7207
5006
2606
318
1927
4132
4211
4875
3020
1431
1411
7622
6473
8905
9608
7499
1008
4593
1809
3983
9542
6318
4783
3952
3984
8306
5327
1442
4995
2934
1570
3646
3125
5465
3438
163
7353
8154
4227
2821
7709
420
5145
2622
2796
6695
6636
3211
1023
5478
5197
4823
8759
2577
298
185
212
6874
7242
5579
9348
4007
5759
4659
3968
5979
3851
558
9042
6462
5626
3662
6590
8043
2331
945
325
9357
3664
253
4304
2930
4525
1822
8256
3295
7052
1348
4115
8919
9925
1106
4054
2740
259
9531
6415
2534
377
962
8128
6882
9979
8362
2412
5281
6833
3349
6391
4379
7198
8320
9447
8234
3039
4655
8691
1806
1293
9771
9881
7677
8057
6730
3223
7482
3665
9658
7868
4667
4052
3927
7028
4263
7210
2789
4805
2205
3377
63
1669
9290
9193
7093
1926
2920
5559
7055
5571
8617
58
8723
2222
5972
7026
9296
3133
1155
1612
5592
7821
6339
7340
6622
1030
8883
2867
2487
8457
6945
7634
1671
8712
3426
7678
5746
9412
5205
6106
3728
3457
9329
3097
412
6336
4505
5249
1881
2836
4987
2795
9313
8845
1284
6454
6553
3793
4156
9737
2864
9243
7328
2651
5153
3432
8351
8309
8175
8940
4732
7909
6536
9708
9358
3535
5108
5323
9706
2731
5447
65
2483
3981
8988
9955
6044
1205
9436
7401
9097
8046
7473
9574
4697
1475
3756
4741
1814
4118
7321
9633
4318
5781
2594
2023
1421
3015
1941
1011
667
3475
6540
1993
2806
5755
1741
6626
6278
9440
3328
2488
2513
6865
7411
7555
7950
9816
6625
769
6820
7538
2554
7310
9755
9391
2189
1790
3786
3289
2417
2157
1549
1665
8106
1131
2815
8506
6354
2467
5496
5749
6195
1462
3677
7430
3746
4442
8918
2967
1114
1102
7705
2088
1356
1944
4986
5357
6218
6762
5554
7851
2243
2398
5318
1718
1659
4515
7637
9710
6701
9506
217
8441
6319
1911
1709
5855
5146
7706
7910
9564
3040
3988
9581
1090
8658
8147
7276
5524
2078
4787
5459
4913
2085
9750
4648
5380
6082
5931
5894
250
5455
4408
2763
6062
6850
7394
470
2073
3254
1360
3879
4803
3357
7090
3731
8846
629
9674
9387
4753
3092
488
2273
3276
6668
9859
9335
9929
4404
798
9107
7780
6679
2496
7834
1894
7241
7125
1392
7960
9105
4002
3421
2461
1603
2217
2766
2184
2619
2952
9187
4095
1289
8607
4068
2384
5111
6464
34
712
7947
3390
1616
5928
8188
3893
9804
669
4164
9856
8770
4262
4174
7260
1599
5522
9165
4748
2589
8298
7160
4827
9854
2062
2611
721
4818
6357
2067
92
8224
9124
7937
1604
3227
4169
2307
3425
322
3086
8144
52
6232
7755
944
9152
7143
5494
8843
6870
7682
4734
5675
3005
2268
6707
6585
9000
793
9076
243
6214
7940
4043
5342
4252
1989
8946
8957
8284
9917
9018
1296
1448
3003
1747
2572
8183
1068
3469
4076
814
578
8166
2591
135
7972
6020
2376
6453
7964
3542
1006
3824
590
4958
9276
550
425
3197
6789
6172
6852
1705
9894
4190
8928
4789
6213
2695
709
9678
7301
6988
3944
5410
7101
918
4106
1929
4878
7445
4096
7565
7011
2656
6390
4350
3023
4690
9378
7542
9578
3612
1576
5757
6651
5458
2599
8232
7500
8082
2865
5461
8402
3778
413
9182
1227
6366
7648
150
7435
809
3629
8632
3805
4074
9747
5052
8115
6041
5421
9198
6901
2112
2105
8628
6229
5072
9739
8420
609
8629
2600
376
3166
1647
7749
5424
7291
6911
2341
2161
228
9826
4728
791
2187
5707
8963
8376
1846
7641
5533
9751
4472
5019
9136
2422
6758
3167
9369
8722
7381
7617
5609
7144
3706
1646
6042
9986
8503
5124
7808
9969
2385
5050
155
3679
8403
8643
83
695
4808
6970
5563
6731
8990
1497
210
138
5804
287
5356
1632
8899
6977
7649
1258
3574
9266
1948
5793
9852
1889
1220
9801
544
7113
9975
8720
8048
853
2101
5336
9614
2868
3158
3342
1557
3828
7494
9201
4188
4829
5513
2262
6702
7136
3006
9197
8595
3203
69
3698
2990
4944
234
9661
2140
8388
9871
4401
6508
5846
8659
8312
3282
1770
3610
4591
2353
9883
1858
2369
7232
3980
3903
93
21
297
4293
9879
9013
9425
1795
5547
2679
363
7268
2596
7902
9366
9429
6507
4199
7267
7763
7652
4197
8087
8390
3807
9154
3493
1711
6814
481
3577
8228
7593
9559
6146
1970
1581
8293
6509
492
1743
6641
6316
5739
2678
8537
6194
8118
390
4477
8818
8084
7195
4440
1608
8671
9756
7461
7551
1215
591
6434
829
2944
6835
1088
2851
105
6266
4447
5843
9502
7211
112
4186
6503
5654
2769
3325
4171
5773
6119
2747
491
8582
9003
9217
9121
5517
9238
283
1791
5877
5306
7823
3252
2276
4745
5263
1160
693
1775
3113
410
9312
8984
9515
2537
5147
6181
7818
942
7667
1914
1103
6170
9417
7802
7728
5285
8598
6055
9099
2896
8392
5260
9407
5627
2166
8559
274
3445
7137
8738
6753
3058
3104
2343
2647
6211
1176
43
2756
6891
6271
3124
1468
5868
1280
4997
3189
9492
8740
9962
3918
6029
900
1003
8342
4161
2477
9504
6954
5104
7066
2716
2298
7568
8962
4744
4523
3117
9149
1012
2914
4972
5914
2481
9295
7474
5650
7083
4053
1886
7226
7312
9904
3395
2843
8070
2618
1075
5907
215
2637
3548
9037
2713
6414
1826
1323
8724
2418
5208
8080
5010
8654
9585
7992
5296
2131
8894
6557
764
6058
6069
8244
1107
2094
186
3790
7465
5013
8169
8451
4396
9017
9694
9034
5448
3054
1936
331
9499
8401
8959
2590
4669
2752
7377
4572
5600
6332
3733
9759
4126
106
8544
9070
7847
9059
9776
5125
8111
9895
8296
8706
1538
706
972
3498
1870
7438
5491
8171
3004
3278
1785
8277
4420
6402
6348
8193
885
1147
7437
1774
8194
7963
3119
6412
6312
3320
8189
207
7704
1248
7748
3389
5488
6004
8139
9754
4965
282
7731
5069
5047
7863
6093
4615
9016
327
6210
8889
3683
7923
7760
1502
9682
4569
4027
4418
4654
2945
3998
5331
6632
8622
5770
947
7174
3844
7469
1899
1918
7844
7556
1685
8442
8696
5625
1552
5075
4192
6956
7985
3532
4209
6285
710
554
1202
5180
4273
5142
9544
7611
7925
3178
7283
68
9914
7121
7359
6860
3007
8676
2042
1574
6923
915
206
255
5871
6599
5778
9383
9927
1274
460
737
2146
8042
7756
2717
4631
416
3725
5026
4498
8811
3909
7098
5209
6311
5040
644
3755
2334
7872
1319
6908
9460
698
2193
2677
2223
9928
8697
7371
2390
3987
3110
4476
9501
8776
337
6272
4855
9250
7792
3511
2410
9116
3307
1358
1346
8045
9134
4795
5475
2018
1904
60
5359
6939
2907
6759
2972
9667
889
6826
8956
59
7175
9229
1578
5442
4603
1070
6722
5409
3587
9644
1667
4617
8961
8768
230
2128
7476
6161
7585
9033
807
5683
1690
7412
2559
7149
7959
3473
4858
4179
3964
5373
9173
7688
5807
499
1877
3407
6116
4180
269
2286
8469
3550
67
2250
8263
5688
8493
3757
640
5105
7737
5796
4176
6829
4448
9446
9130
357
7151
671
4736
1033
8881
1126
8240
2440
4246
7946
6038
4816
5970
840
3455
6371
5844
8914
9815
545
711
9495
4587
6742
8716
7065
7931
4504
4880
3504
2691
5270
4381
7932
9809
6925
5034
8039
5245
333
2869
9333
5587
6980
1024
6900
3042
2823
8318
139
1617
7904
999
330
2556
5403
3960
1225
8475
8926
3373
3692
9481
7768
9891
8573
3402
4253
5805
8142
3699
2295
156
9989
7955
3120
1153
1035
2163
6455
9939
4327
3616
4911
3853
4094
6133
8511
958
6039
2097
8158
6569
1832
531
9741
1808
3318
8290
6250
1707
6489
2501
97
3775
9906
1092
8051
7690
209
7609
860
3569
3564
6522
1085
1037
4064
8435
6035
4045
6544
46
9498
5608
5122
6606
3961
4225
9221
338
7859
5386
4187
3523
4189
943
5640
9011
9065
6704
7446
9477
7252
5506
9280
1748
1109
9237
1404
1712
4581
4245
1036
3609
7064
547
9101
9772
6635
3106
4336
2229
1257
2301
6499
8970
8902
571
6658
8831
5416
466
2890
7047
776
8707
1387
6023
9179
5562
147
2375
9597
1200
4622
6893
1217
4471
6152
522
8868
6579
6236
9731
82
3973
6680
6823
3428
6713
8522
8627
3169
352
3156
7158
5068
4657
5335
2210
2514
1965
8073
8869
1677
3312
123
7523
4242
3012
7958
4093
9002
2643
5414
7626
6032
6648
3713
8371
4754
9870
4836
6001
2744
9074
753
294
3549
9568
2465
4147
498
1386
8934
5920
4170
9693
716
41
3131
5892
7974
7951
2333
6097
7914
2104
9418
8656
655
7570
527
8647
6531
4036
8679
7639
1430
6276
6326
8192
3336
3099
5730
7085
6721
3545
7647
464
1990
852
5023
794
4402
3860
4696
5776
4837
8314
3321
2978
2768
196
4289
8214
1100
7574
7216
8517
1178
8539
1584
2722
8122
1133
8616
3926
7679
5812
6598
1499
9177
7213
936
6802
9911
5062
9762
8445
7628
328
5998
4780
8180
4423
7689
1838
680
2982
9207
9840
6699
7764
1640
2092
4695
5083
5091
4547
3434
5703
9669
8269
1086
3489
573
4495
5073
1175
1146
3317
355
3383
7603
2102
1460
4575
2887
8410
8126
8781
7975
3111
3322
9210
9068
6832
3551
8387
9035
368
3277
1753
2292
5132
2856
3547
3718
1026
2056
1787
2429
1843
4360
6168
8286
2004
2030
9227
4705
9489
1834
8524
6204
2371
6057
7507
8491
2173
8029
7208
4060
3294
7464
1554
6895
8908
8783
5536
4510
6667
1664
1311
4181
9476
7997
8623
818
2753
8931
8960
7304
7060
9869
7668
3330
6714
5354
2190
3938
5451
2732
3206
6003
7219
2200
6984
1051
5852
1364
3059
7864
8958
3333
341
2775
9062
1699
1953
6515
8904
4020
2939
3259
5649
1825
2844
8550
6283
4534
4849
6610
4898
2790
5926
9248
5725
967
1380
3575
6436
5267
7167
3032
6000
4251
9319
6718
5594
1949
5583
7059
7322
5568
6084
5292
6976
9150
2266
3681
7278
4973
8358
6716
7635
7086
1132
8
978
7776
1287
5046
4427
4016
5127
3732
749
2058
1760
1964
154
434
8641
6160
8968
8751
8721
9365
5618
8750
7128
3568
6708
2043
3293
4717
854
152
9919
183
8792
5106
9689
8663
9732
1749
1108
473
9306
1473
1228
3948
2648
4397
8159
2344
1566
2980
7197
1695
3582
1908
4546
3034
3224
6350
8496
6142
5858
2748
6724
863
4602
6317
4026
7724
8585
3359
6496
8217
2224
9621
64
2007
7209
6463
2346
1373
7440
5820
3471
6299
4665
758
9818
1531
3954
3586
54
9144
8983
789
2107
5944
8471
6420
6251
6328
5119
5130
2064
4338
5298
6838
3673
2226
4099
4451
9362
2831
3901
4085
786
4644
467
9269
846
5518
239
821
4435
6532
9631
3467
1139
9592
3885
9175
5936
6966
2455
408
3087
4337
8393
603
7790
8443
7761
9414
7035
1199
4499
2999
8206
8754
6424
4652
244
7154
6778
7485
3694
1935
5123
2430
4131
6024
8865
7225
8492
2670
6117
6955
6046
1236
9513
6428
4046
955
6101
887
2941
2996
7529
158
7692
2985
2118
8050
9230
9432
1605
683
5329
4764
3358
2310
3734
2767
5633
3028
469
6409
9598
9038
9740
8433
3630
7162
2049
745
8815
3404
3837
5283
6790
882
40
7769
119
7537
6138
8987
528
2125
9349
8399
6196
970
4843
2878
668
6663
3588
3186
6022
1759
5379
2543
2848
6012
5172
7813
3712
7620
4700
137
1903
9589
3365
3992
4513
5312
2688
9211
6347
7606
6676
449
1878
144
1794
50
4213
2449
514
9794
3891
5630
9949
1629
5962
3444
4166
7921
4538
4261
5999
501
3601
2837
1264
9028
1354
6868
581
4331
311
7479
2448
8463
199
3704
2320
9320
1836
8683
6892
2555
5188
9283
4895
7853
3409
226
916
7362
5235
2674
9811
7436
1032
4393
9374
6647
5981
8509
8349
8502
6786
3620
8137
8967
3740
8715
9730
9423
9573
2997
6240
9521
7029
8283
3109
4567
9484
9954
4885
4662
2442
5950
9091
5687
5741
3160
5017
842
6037
9063
561
2521
5238
7907
3806
7462
1860
6637
9310
1915
8897
4461
2238
6605
7817
7001
7852
5214
7429
8127
7457
5645
3521
4574
1197
7770
2006
2169
4307
2072
6875
4686
2895
4339
6102
7540
2426
5170
9973
9183
9169
2892
3943
2038
1183
2989
4073
875
568
2667
9889
8765
3657
7754
9590
3839
9471
2122
3651
2453
9370
6478
6355
1084
9609
9298
8259
6130
7971
608
3064
1184
6405
8777
9419
262
5806
4929
3430
3045
1066
6166
4009
4999
9520
5241
326
2001
9401
7033
4258
9381
2702
9619
9536
7506
4154
2946
5037
6483
4070
5779
1130
7673
3332
2733
880
8812
9978
8711
3800
4137
8801
6914
3563
1214
8973
2736
1
7944
9113
1746
334
1089
8297
9132
4777
4923
6027
5355
5395
4583
810
1322
5695
8774
3287
9255
2571
4500
8100
5078
6309
5670
1201
5935
6588
6723
9382
7795
4899
4595
8606
2553
8533
7979
3753
8300
9508
3539
304
7840
3172
906
7954
2177
2214
7589
5381
5008
9957
1892
3803
7531
6872
2026
5791
559
3273
8746
9548
6199
5924
8060
9475
5232
4031
9549
3126
4509
2583
8829
9575
3650
7643
7916
8462
3703
520
6768
2900
651
1606
8323
4375
8270
6681
511
6978
4302
5411
4424
6732
2359
6016
2220
998
2493
7342
8178
3196
4841
2754
9491
8834
4308
2164
7691
267
2955
2576
8480
5994
1001
3748
1506
4687
4704
3565
2938
9396
6888
7693
7054
1745
2444
7046
2704
6570
4135
9522
6511
6993
1569
1653
4793
4639
7799
7236
5248
9851
761
7969
9763
8104
5540
1977
7397
649
5943
3078
9048
1425
8347
5686
6728
5049
9458
3639
8797
6989
5740
2846
8141
6524
9353
9133
3292
5801
9635
886
8295
7806
8003
1969
8561
7045
1769
8847
7587
8950
3647
4167
8294
9377
3161
1813
20
4371
3352
9861
6534
9948
6381
1204
3101
4726
5489
3965
2159
811
3088
2949
4152
1535
7182
6353
7156
495
6135
9746
7504
3798
4584
5346
4249
2019
1188
5516
7619
6061
5646
2242
7845
3127
8094
2646
2306
9435
719
3324
6051
3697
4080
4269
4497
9420
8425
6801
5257
1556
1991
9178
1119
8903
1192
5813
5236
2311
6497
504
6282
5476
7782
847
7591
1454
4727
3729
1689
5118
9553
2395
4901
1597
9524
9781
9792
9509
9912
1074
6330
7598
5426
4814
7220
2180
5751
1533
4103
8601
296
1958
9807
4078
7608
2230
2008
830
697
874
1049
1708
2308
8245
28
9867
7989
9092
4105
2108
6400
9215
3212
1048
746
2509
5932
5978
151
3071
3121
1156
9780
4160
6050
8486
8678
3361
9562
8848
2915
2396
9557
7837
7472
6545
7812
2150
7784
9823
1799
6677
3937
6377
2544
5718
8877
8947
5839
4544
5915
1906
4345
5452
9111
7133
4725
7178
5847
803
2350
8547
7325
9205
395
4364
5711
839
7515
6997
8054
4433
7111
6652
1737
1980
6855
2355
6452
6187
4081
8150
2414
4634
7341
6836
5903
6397
5911
3626
7314
1655
6190
2743
7330
1295
1167
7980
4457
6841
2700
9444
321
9189
913
9716
399
3894
6845
9670
5720
2082
7536
6148
9120
140
8527
6880
2792
6009
303
2219
6685
1018
985
167
2040
9445
3700
5581
7256
8574
9688
5949
1417
5893
7711
738
5088
8713
478
4356
3450
290
56
2542
7204
4893
9985
2755
1022
6930
9626
5832
5051
7548
3446
6017
4066
6425
5200
1154
4571
5569
5311
2194
6670
3920
2079
9652
2227
3181
9090
200
9100
1537
3809
919
9961
9398
7180
3599
2345
7915
6935
4729
9427
2071
9795
6113
6237
8153
5747
1526
986
7867
6378
9672
4845
5575
556
2588
3044
3951
6083
1422
7266
3363
1481
2329
9898
1810
2051
801
7463
5744
3281
4239
7486
7021
805
7666
2228
6382
4422
148
3118
4030
6905
5371
626
5184
7478
5685
9139
1850
3627
9344
4737
9833
6985
1111
5418
3572
5299
6881
881
3617
7898
9231
7421
9588
9783
3190
9379
4678
1389
5591
6379
7041
7659
1076
9782
5973
8418
4414
8455
8686
7235
4453
4417
3845
6675
5303
5259
2628
9643
2545
533
6356
7708
7717
8543
5094
4133
2734
4177
628
7346
9497
7721
8796
2762
9261
9662
5948
3420
1873
543
2639
9997
6456
5045
2433
9315
4039
8992
5012
5483
4059
3171
3593
8014
6733
3541
2958
3552
6071
7614
7933
1469
29
8562
4666
1060
5269
507
3081
2652
1279
1134
4948
9613
1177
8319
1543
8063
8072
3491
3228
9455
7315
5413
5992
8483
9376
678
673
8572
1229
9757
7398
9915
2623
8336
4881
9496
1471
5604
6763
9317
7601
820
5912
2374
8805
1458
8077
9081
7557
6192
8701
1678
118
4136
2195
8871
8633
9882
9966
277
2382
4524
4733
3265
9297
2737
4806
8515
164
7030
6121
5085
4299
9885
7675
2872
3487
7099
1917
3562
61
9126
9284
3727
8407
6246
7365
1691
9129
2454
5493
371
7785
4640
6669
6088
2931
9702
8593
2685
3814
9994
8040
1347
1829
3605
8036
505
4210
1370
9066
5422
6488
7443
9980
9576
7928
2607
1658
650
7522
6458
3145
5290
5553
987
9289
8364
725
8626
1357
3011
2476
1978
3179
7477
6858
2437
7122
6582
5035
733
9817
494
4233
503
4232
7375
9392
2199
8878
2883
7405
4968
1817
5774
6231
4902
6485
2609
3995
4399
85
1344
4072
2337
9728
2515
8989
7347
6223
901
2904
1352
9877
2183
8620
184
4796
6656
8037
6005
5376
9271
646
8422
9874
2943
3979
7900
6480
9180
6696
2962
5065
3515
3997
2279
2022
3309
9884
6591
9330
4770
5071
3050
8001
1598
4645
251
8271
2932
3985
1602
4616
6693
788
8586
7998
771
6396
8995
3873
4611
1592
4278
6565
2065
1515
7610
4709
9514
7938
8279
6404
398
2439
5043
517
3849
6843
5888
3337
9569
1400
2558
1366
7475
9770
2380
5291
2804
2698
2826
242
5549
7503
3399
1427
5058
8409
5310
9625
1998
9707
4931
1568
448
301
6715
7441
9479
6419
3115
8464
7369
908
529
7662
3482
8230
8394
8634
4638
7775
2640
4554
1009
4377
9449
4214
8591
30
2581
5734
4363
7865
606
7602
7856
5819
6799
3843
5651
5400
3519
5838
1976
1332
3702
4455
1375
5758
1804
5337
8519
7110
7313
7751
2424
2096
6662
350
2636
8255
1734
5480
9005
5471
3327
2855
3150
7519
2681
6573
5777
6747
2259
9560
7431
5394
8499
4370
2137
6290
7292
7741
9988
3046
7404
8700
7781
2142
702
8705
8447
6432
2282
9142
8859
5678
8986
1676
575
344
8354
317
6674
3290
6665
6343
8213
5070
6630
7991
5074
9775
4828
6337
4069
1472
601
792
6200
2472
6562
3384
1038
681
9282
3202
594
9487
9897
6209
8215
5921
2578
9410
6948
192
3557
4
4496
4531
923
7571
2386
4723
3369
4877
4683
8035
1326
6099
3386
8590
2081
7658
6571
4184
6320
9709
7753
4021
5826
8575
5802
638
3531
9679
1861
7214
4599
4067
2799
3967
9965
5939
3915
2434
2829
4083
2693
8729
7605
674
8430
8500
6991
6362
9246
9174
1529
6479
4915
2812
7854
4883
4277
9488
3818
8075
9325
7183
3494
4079
7725
3654
3401
3993
5449
4372
7961
5789
5155
9766
1684
2664
320
9890
9714
720
759
9947
3764
7176
2586
3213
9089
8143
5510
5624
3789
5167
2814
1372
2000
1149
5011
1594
5251
8370
6815
2045
8452
4502
5135
2077
1967
3777
6938
7905
7363
8151
762
9010
1504
6368
7148
4658
3708
1121
9825
4621
9656
7655
4928
6437
3283
4254
9044
6169
2986
4720
128
8444
3128
8896
4673
4391
7630
289
6274
134
1233
9159
4343
9802
2312
9051
4128
9459
4163
444
4466
8017
5497
258
1517
2499
8013
5502
385
8534
8047
7343
1078
8549
1064
1055
1630
1162
248
3994
2421
4312
3137
862
3314
3380
6031
7102
588
1961
9835
9655
2278
114
6684
4138
3483
7713
619
1125
3831
5602
8479
87
7409
1710
9844
7686
3247
6525
5344
42
5534
1255
109
1751
2326
6444
6010
2849
4200
4769
2083
6756
8657
5176
4664
9235
1955
3205
5256
4236
6931
9570
3123
9552
907
1365
9967
6247
2236
1251
9430
4629
8655
3514
5900
5431
4058
2404
7876
354
6992
9318
2728
8799
7433
3876
2407
2293
9258
5535
5402
6673
9595
1895
4935
2585
1397
9135
7981
7651
9388
9876
8008
3767
6438
2364
8612
4886
7263
7892
5584
2807
1297
4485
4361
6224
7014
4111
6690
1007
6260
9934
7077
2522
1250
1891
5615
7042
1079
26
8849
9654
6451
2401
6807
2626
7265
7740
9836
4490
5831
205
9287
8610
6947
4760
5116
8268
1966
3676
7718
7627
3825
2803
1241
9837
4429
3201
7097
8836
5881
9209
8825
9309
2468
7729
1479
4688
6587
4387
5712
5834
8374
1210
4022
3579
6603
9657
9726
3768
6810
221
6749
6487
1249
1115
7736
6053
7663
4517
9523
6076
740
7495
5186
1363
6286
6238
3570
6767
9713
8545
1884
254
5795
1174
4693
3148
5469
891
8424
6529
285
4975
598
4619
7767
9461
146
9454
3207
5300
7582
9829
5585
4428
9122
1385
6279
7575
3165
1522
5268
9450
5041
4947
1159
9610
3096
1062
1610
7103
4410
9773
8699
3251
5289
6555
7687
1443
756
4826
2822
1374
1847
6779
9910
442
9380
5084
8949
7360
7199
7135
6659
8909
2708
2044
8005
1954
5555
750
2152
7492
5550
8817
1142
7588
5246
4204
7023
3062
9128
1172
8741
3921
5875
5824
8260
1208
4205
392
9800
1329
3353
280
9907
5765
1043
7309
7352
4512
3648
1739
2750
1724
1110
7173
4715
949
8568
145
9819
5384
6904
5445
7070
2024
5319
5014
614
2446
5833
380
329
9155
1252
9402
7590
1859
450
8449
7388
2746
3458
7439
4930
3093
8102
9622
2012
9275
726
7229
4582
910
224
2523
7890
959
7832
9991
4024
6139
1869
4589
8803
4454
3490
9830
572
921
596
715
4802
924
8411
1716
8731
4175
4809
696
4282
3114
2833
7798
5388
9900
2729
342
1316
1675
3077
4822
2466
5030
5570
5870
8784
2179
3001
6782
4550
7344
4541
7857
784
3877
5216
2089
904
8637
4668
8645
7934
9375
3311
7953
5398
7215
7698
6233
8363
9779
8525
5404
2562
3509
6803
4663
4436
9186
4675
5659
7456
4014
3758
3233
4677
1585
1224
9735
7621
6034
6811
5316
6584
5460
3999
459
3598
4511
6616
2132
8790
5077
9462
7448
483
1645
9717
5697
7874
9675
8478
9411
828
9162
4549
8062
5262
6358
8373
4006
1245
6550
5408
2540
9798
2231
6879
9664
4570
9855
3631
8446
7891
8404
4542
9202
4452
3464
6564
3913
2535
5441
220
4229
2675
1116
6107
6140
9158
7261
5842
2182
6734
9340
2469
9686
233
6853
4148
4738
3933
1532
5369
3759
8066
2552
9868
9537
4134
9768
4469
4539
1254
1525
8432
8096
3742
8942
3949
1887
2154
7096
2498
1558
4149
2940
9359
1882
5109
9641
1719
5606
7877
2817
7830
7644
5234
6491
2966
8223
9665
1823
8840
95
4178
5696
6926
113
822
5293
6547
1058
9114
9098
3501
1627
6163
76
5087
5107
4854
5393
3173
3219
8920
8650
869
4044
7076
2641
3275
1706
8427
8810
306
3204
2696
293
2918
5614
580
3972
9822
6216
2960
4382
6902
4049
1848
315
5320
6516
934
9887
8621
7320
4501
5648
8872
9875
4670
6427
4684
9199
7558
5792
5375
562
4681
6070
1266
9950
4222
2339
1596
3835
225
8505
7978
2211
7222
6644
4519
6915
5339
4228
6973
4815
4627
7471
3080
6205
6907
3625
1271
2617
3187
1325
5000
8826
1409
3663
6043
5304
3235
778
8906
2947
7036
851
8749
159
2167
9699
9659
4966
3481
7264
3693
8780
2699
3533
9192
2912
2742
2926
4555
6787
9500
3440
213
7361
4906
689
2832
1444
5060
427
3827
3689
480
8488
4685
5507
2428
9443
6922
8937
5500
5836
2445
8580
1328
3671
9864
4155
6074
4324
9653
7618
5951
3232
9812
4479
5861
6174
4620
7672
3073
7467
2551
6577
9040
1234
5175
1261
6112
8091
404
6700
9294
7415
5477
1270
1625
7559
2819
9480
6457
2712
7518
5896
4576
4231
5548
6085
6687
2039
8785
954
1429
5406
7258
3454
5636
787
4998
7887
2811
9673
2771
9698
8490
5945
9600
2911
3659
1186
607
7734
991
1318
7841
2569
7324
2392
6147
6054
8211
3262
9723
2403
5192
1290
4951
5397
4707
7629
6364
7094
703
6666
6910
2800
8481
4301
3400
5242
6361
1680
9032
8619
9466
49
6864
2109
2458
8198
9364
284
8604
264
4775
5706
3956
8308
9649
8145
7881
7665
5929
10
2100
5727
841
7546
9685
6618
6108
975
8692
169
232
7146
8644
4458
2541
2372
1157
8055
5922
4994
634
8343
8822
4100
7205
7911
7826
2281
1857
5255
1377
4903
4195
4208
2662
5823
1039
9924
7496
5364
3836
4019
6743
5220
2135
8346
1483
7526
8660
3603
4908
3033
1920
4819
3218
4586
1350
6862
9222
1291
4846
3019
8456
1588
4125
3403
3485
2730
3508
383
4713
7227
4023
3140
2063
6638
3554
1277
8955
4821
3788
3644
4029
195
7286
7031
3923
8325
2368
4969
1294
2987
611
4146
1450
452
9394
6660
8684
2245
7777
7126
6277
3453
2119
5906
5543
3422
1698
5835
4153
2253
3940
5975
1096
7417
7838
8022
4946
867
8597
7897
3804
2491
9164
2724
9993
9386
6657
3857
4063
5275
4116
9106
6538
7116
2547
1921
7903
8117
4563
8675
6692
9733
1010
9824
8766
5039
9704
8782
5784
3416
7976
3495
3488
5557
3269
6568
3666
8685
1845
1138
4874
5487
4967
6295
5081
2788
4480
730
2134
2247
5884
9172
4082
9110
4656
2957
4633
3257
8207
9334
6486
3688
1040
1648
7490
3820
2239
7239
400
5610
5743
665
5692
4446
5330
6077
4124
914
433
1925
4520
5976
1872
5265
9534
9612
6234
8237
4643
5114
356
9117
5203
5165
701
5879
9677
9787
8355
7584
6661
3795
9734
8583
9007
3792
4390
7376
7329
7739
6741
7303
5314
6384
3929
3217
2209
5946
1542
2362
2054
2233
1792
9507
3248
6207
2839
7189
3829
2963
6793
9226
1968
4098
3436
3750
3043
1696
8758
79
2010
4608
4389
7022
7624
1330
6819
5674
7553
3298
7237
2669
9346
3424
386
9050
6894
2400
8476
2156
373
1634
8406
6752
9845
6583
4784
1381
9203
9088
4257
418
8925
7779
4459
1545
3597
482
6500
1500
8264
7008
3810
4703
4201
3890
8837
5370
5396
7338
1338
4853
4380
6359
5196
4123
4579
7894
5989
361
2114
182
3075
4172
2356
7316
5361
1057
509
7483
3823
2087
8335
5918
7185
7631
5864
2411
2621
3761
3413
6086
3427
976
3717
1615
718
1736
1449
3163
5117
8079
1238
553
8405
2902
1129
5667
9558
977
4850
2773
992
6957
1269
9916
18
7809
7803
7600
9839
453
5057
2921
4193
9240
7521
1230
8247
2342
19
9493
365
6156
6441
6308
1713
3214
2363
8431
3184
6694
3752
6143
9921
2810
3861
4493
5763
7165
8162
9045
9223
39
9156
3310
4491
4889
9637
7481
6513
7771
8540
1437
6352
9990
9640
8828
5273
9272
9361
2057
2595
4598
5221
8739
1135
295
3477
835
2524
3439
8113
6921
1567
1414
1773
7656
4025
6011
8571
3898
3164
8964
2076
8236
2567
1498
3701
3284
7140
8179
565
3585
9478
124
824
7201
7805
2774
5723
6898
9517
4062
1395
133
9216
6177
6212
5352
6828
930
5876
7623
6764
2598
3351
8466
7498
7392
8528
4834
3822
1661
5526
6426
1778
429
8689
3130
8779
1871
837
3669
4740
5110
7305
879
7280
8016
4771
661
6376
1715
4288
4415
6403
599
3867
7426
3830
5227
7255
2153
7501
3801
534
3536
5599
5726
8755
2284
1428
1042
5433
7580
5076
8235
1546
8501
4506
4314
4773
552
3719
5691
3286
8311
1491
5850
7293
2672
1021
5552
6100
3590
2919
6867
8674
9456
4551
62
1898
2357
7089
1731
755
6298
5103
4368
1080
9208
6385
6067
946
4248
2381
2027
5243
7596
8508
5668
4280
6280
6654
2423
8372
8138
1432
8186
5027
4395
3763
440
6248
7450
3591
6934
2631
9146
2644
2462
3222
647
2059
6045
1180
4817
7520
9069
4794
13
5313
5156
1852
1544
9712
468
4698
157
2232
5434
4689
5689
6430
8380
996
6198
1312
3142
1883
6073
6291
4216
7075
1029
4003
78
457
4384
2269
302
6851
7747
6953
7569
5464
1246
736
6678
6176
9416
9745
3448
8114
3415
5546
1059
1957
3147
5158
4421
6096
104
7685
7917
4766
4196
1015
5827
1487
4309
6477
2794
6255
8662
7007
7871
4311
1768
1913
3334
2138
7581
6581
8368
431
988
6244
7846
6078
6410
6572
8614
4976
687
3394
8565
9408
1309
5965
1005
4102
7063
6765
9469
7449
4507
4344
3560
6712
2336
8851
9278
8133
6963
1298
5137
2709
1519
3056
3459
2234
477
6628
7875
857
9067
6056
597
7922
516
1336
2267
8898
3782
2519
3149
6189
1762
3378
2629
5193
6324
7550
27
1165
6360
6007
6068
8816
367
211
5430
4503
2379
3502
3581
1821
1910
9029
4518
8487
6440
6122
1786
1994
9847
734
9355
3070
5120
9984
2093
7358
1660
6727
3656
2765
2922
5067
2510
5266
7638
1614
8887
6800
2979
7750
7024
7541
3766
9181
7048
7067
1117
6967
3238
7000
4144
6095
6697
7169
8584
624
3343
1232
922
632
4719
8428
5440
5700
1423
2335
8052
5635
1286
3474
4035
5797
1288
7400
3472
288
9143
3856
7752
8901
5969
1520
2145
6754
7391
1601
6310
5133
4270
551
1509
3976
4088
7645
9545
639
4613
9503
2015
8852
7889
2218
7939
1511
8882
6227
9078
2388
7114
7333
1405
4747
5520
2099
8132
2086
7833
7801
9009
2805
497
6878
6720
4001
3604
323
6321
8615
4460
8497
4359
8648
9632
7364
8642
2725
8933
9265
8875
4104
4202
9046
1704
6535
9323
5007
884
246
4552
1639
9806
9286
1226
1490
855
3447
833
2484
9291
5168
4916
5722
2328
8000
1573
4141
7074
7192
3969
3069
9860
7307
9987
4751
6033
6576
4237
8855
7257
9157
4426
8241
4108
5952
1900
3668
5576
6928
8199
461
3655
6365
9073
5301
8921
838
430
3316
5930
3567
6614
1956
5638
5897
4868
911
8417
476
2782
9554
3382
55
379
8378
7190
1607
9998
8541
462
8608
3808
7403
438
4661
1477
4268
4143
1582
2349
5525
3072
713
6501
1851
7279
1952
9606
4977
9293
5166
4825
3506
3326
7245
8863
4355
8514
5031
7184
4844
2866
7862
7888
1401
8767
4606
8838
1577
5887
8857
7786
446
9769
3236
3418
2976
1981
3543
8809
2170
1636
3911
4012
555
3690
9241
7120
8131
2723
5963
7414
1407
9343
982
9528
9512
660
7428
8067
9594
2365
5596
8148
1124
5503
4917
940
4057
7710
2237
7455
2120
8021
2984
8832
1641
8923
5016
454
7259
8943
4194
3787
7839
4867
7269
9303
5097
2620
4481
774
5348
1668
9109
2113
4896
3530
9196
8083
5223
5788
7049
177
3074
47
8382
343
1065
4303
7119
8289
5856
1975
3854
8489
4110
9400
3955
3884
5699
2682
8324
4562
9905
2017
310
2568
8798
7636
9148
3566
7562
7039
4159
1642
8123
4672
3958
2207
3624
4050
9020
6105
2994
9666
6154
4970
9163
2528
7825
4323
1514
7882
9849
9056
4158
5607
3315
8891
6490
4692
6909
2505
5121
7927
7068
2206
7373
2304
5131
8579
1650
7145
5171
6940
6994
952
993
4742
4279
9634
3870
3606
7058
8752
1752
2758
3136
8551
9853
7212
3335
6776
7701
2546
7032
1842
9170
1688
8359
7297
4353
576
9351
2701
8649
8110
5988
4679
7836
8890
8165
5990
1393
539
3370
4830
8800
8853
2046
4215
5613
9336
2711
2802
1572
4121
4701
9434
5867
2827
7273
4266
353
5732
9964
4484
5140
6164
5925
2041
9703
6816
8690
5250
7695
4010
3799
4730
1391
4824
3170
4642
1932
2129
1609
1673
3974
7549
3268
4462
8396
2655
4607
5849
5112
6788
4086
4905
3871
8059
3014
339
9901
7860
1196
9311
5134
1451
2847
5752
3345
4412
3112
4996
3423
6969
2475
3095
4028
7535
1166
5126
1211
7901
9586
8944
9580
9858
1123
3559
409
6837
3872
263
5679
4394
6241
8226
5780
2710
3478
9956
2406
6924
1781
345
8760
2011
375
8929
8222
8484
1247
358
4851
1761
3641
6735
9946
3460
658
664
2781
12
8640
8757
2969
3242
5218
3244
7694
8321
5693
5231
1027
130
2825
1590
7564
9451
261
2473
6193
8599
2415
1740
110
6186
5708
3341
5901
3231
5163
1418
3510
4291
203
3030
8458
8205
3360
8794
1305
2002
6613
9304
3060
1302
6110
1127
3026
708
7296
7091
9399
9403
9442
8090
2110
8315
7511
1485
5207
6433
7233
2529
2597
7142
617
8625
9075
4925
2165
5453
3721
5159
5771
6268
2531
8786
8275
6773
4340
8053
3640
4848
8203
9395
9087
7171
406
4752
7943
2861
4785
8086
4281
3376
6920
6761
8152
2761
623
9167
7683
4005
5889
2608
4861
7037
2235
502
7378
9743
5482
700
4221
9940
7323
2687
3279
299
8994
5439
9645
309
4101
4759
6869
2634
5664
5578
7407
2361
8229
3881
2745
5530
5407
4865
4743
5277
6627
8098
2303
8448
5079
6990
4259
8018
7270
6711
4768
1191
2925
8415
2885
960
7913
3041
6322
6709
997
4922
3256
5044
9617
6221
8129
4798
2280
3859
6345
7727
633
7003
2451
850
6468
6399
381
8536
7087
2265
3524
4718
4075
9650
3308
2191
8326
5632
7730
5328
6018
5481
8570
9848
8454
4623
7869
7791
6986
8753
8911
1805
2828
5443
7765
6936
605
6225
6226
9341
973
6461
1638
6877
6155
4306
2650
6566
3348
1855
7385
7563
4276
9138
1622
645
1776
1971
8356
4691
5253
3784
6560
620
9796
6755
585
8879
2318
3691
6126
5092
2992
5054
1505
802
6563
6158
8369
5423
1376
3714
4247
7427
4772
9041
1396
2605
3730
9273
3710
9774
6906
5264
4556
5162
7646
589
7633
4287
3441
268
5764
9014
8576
96
9727
5873
9472
3266
6002
4322
9112
1507
2489
8044
2694
4983
6476
7354
8160
6506
2927
7918
6683
4332
6307
5977
2956
5748
2627
3496
9605
1986
5191
7722
980
6919
6567
1849
3709
5923
8948
1540
2516
7726
1259
5278
5485
1275
8737
3762
2047
3198
8521
9930
2124
2500
7200
4347
1273
2779
4097
4346
3584
6185
340
3950
4710
4444
3607
1384
8146
7311
3769
31
9270
5620
9233
5956
8772
219
9953
9260
1874
7002
3922
2665
2274
2258
7842
3417
7442
9841
8299
6089
165
1853
7828
1589
4980
6447
8453
6612
6876
4296
1693
4585
7880
1923
472
694
4626
1378
8688
6197
6467
5611
8093
7380
7829
2801
2592
5362
990
8121
3962
8791
8821
9945
8819
5665
6253
2550
567
3897
3724
6740
6974
2208
8330
832
7177
2283
4475
2838
4292
5891
3291
3522
7050
3645
6049
4914
7159
9061
8742
1613
4419
2317
5857
957
7254
6771
8170
4797
4991
7615
9620
823
8916
5429
5862
3466
5179
4862
5284
6300
4838
6646
3868
435
8108
6808
1263
4864
7187
6008
6822
4580
5152
604
6825
648
6323
3614
5479
2616
7719
6561
9828
9880
1819
8704
8639
766
2660
8071
178
99
4238
5377
9191
3366
9530
6554
9546
819
15
5869
4425
1145
3776
618
4786
7528
9603
6884
4450
8698
4321
2037
5603
6091
4367
4919
6254
5082
5287
3302
8221
3544
6258
496
3751
2504
6104
2942
3841
8276
5621
8747
3017
4950
5811
9803
7408
866
6813
8015
6346
3410
6150
9421
7664
7217
1496
3772
2438
890
5883
8130
8618
8344
735
4335
2305
806
8201
6028
2494
8472
2778
6466
8512
5093
7453
6418
2993
7107
2820
1766
5908
346
5619
7993
8338
8163
5095
8414
2784
6369
747
4612
387
5468
7147
8249
8361
3996
1152
218
374
864
7424
5003
305
8596
7987
9842
7372
8980
704
4649
1179
2055
3736
3741
682
3
5143
1494
9057
5240
2816
5154
6256
6781
1833
1382
9094
760
3288
7616
9239
4283
6750
6072
1960
5531
6136
3313
4071
2416
1945
6866
1342
1195
8577
6306
2882
3065
8581
171
731
3628
6383
7716
5136
1714
9572
7625
2492
2176
3680
2291
6512
3638
6092
1087
8936
3025
752
7908
8998
9022
8242
8136
641
2084
2850
5808
1355
5185
4568
8730
7018
4151
8176
3916
6575
9264
9084
2221
2898
3914
9744
7613
7336
742
5705
941
7920
895
5294
9137
8842
5305
871
3882
1717
4635
4320
475
5473
7124
5160
316
1974
7366
8164
2721
8789
5786
7824
447
307
6305
465
4234
8196
6075
9996
7243
6688
245
2014
3061
4872
1565
5736
3468
7006
1235
2095
6971
8031
1643
4984
9176
6292
1361
198
800
1930
7386
2270
70
7576
6783
7926
519
9722
9873
5211
8025
74
3558
6609
5904
5713
6818
2841
9049
7410
4272
4449
3771
9337
9486
7357
9749
3707
825
428
4646
3615
5206
2151
1623
1523
4173
335
7228
1866
7025
2495
436
5472
5682
214
5760
8097
5412
6543
9190
6219
4762
5955
6775
7543
9529
9153
3518
6201
2526
1626
6737
8064
5660
8880
7720
5427
6962
662
90
7422
6533
5036
9079
5586
8252
8677
8288
9047
2275
7332
7554
3842
2903
5288
5272
7879
2212
5539
8824
5916
8861
4385
4191
6459
4482
2917
397
8377
9587
8804
5913
8807
5745
23
9646
2764
3900
5295
8450
2862
8357
7027
8397
6863
3783
5417
7970
3678
616
2091
8830
7193
1562
5436
1649
2613
2147
7012
2160
912
2480
9518
120
4992
3621
5514
5733
5326
1278
6736
1875
6848
5498
9505
888
5096
6114
7566
6127
2582
2668
7696
6202
9024
4373
9971
7084
4224
659
1046
7670
4731
8719
5617
1657
9765
4594
9629
3258
9307
9409
5368
7912
7532
6797
748
9519
2707
5577
8340
3408
9127
7545
2133
4887
5467
4859
8912
4897
7108
4799
5064
3735
3443
9060
4437
402
9206
9086
6267
3396
4040
3863
273
484
4870
523
1946
4801
2539
1656
1112
4779
8026
1916
3684
4219
615
5308
2452
5515
5048
685
7262
3573
6596
1727
2886
7351
9482
2916
9618
179
3122
4833
1679
4037
4755
9577
1586
4810
9607
53
393
9878
2840
3738
5882
896
9249
3354
6120
3939
3221
5750
7139
1662
1856
2431
4671
2192
4489
3143
2739
7794
7105
3723
5144
1056
3817
2053
3146
7247
6297
7640
9093
1534
2115
7966
3139
7772
5280
4120
6269
4842
4206
9846
388
7952
574
2793
9547
5032
1456
4565
9213
7994
5567
2285
4792
7505
414
7977
981
4319
4378
5980
5886
5360
3945
270
5940
5213
4230
4514
4573
1812
6705
5669
6772
7744
8099
2738
564
6386
5890
2835
4300
3052
9465
5038
5302
4632
3600
3098
9642
3051
7487
6134
202
4682
6123
5768
4876
7234
8653
5794
6013
4735
1758
8322
7337
3592
9761
780
3239
7
396
6460
7069
1828
5724
4884
5690
7700
9752
1028
6421
2884
3002
9611
3010
4526
3623
9019
247
2216
8694
7642
3534
7127
1151
2358
8209
9473
9119
7327
2202
8191
7005
7941
1619
1203
423
9368
8068
3091
8307
4630
931
6261
7774
1161
2080
5382
366
44
9356
77
6607
3180
1654
5018
3917
2378
6129
9720
5215
2197
6296
9624
9628
7170
8795
3398
1000
9725
4008
4782
5902
360
9077
281
2478
7878
7460
5738
5762
537
9219
9347
7282
1800
7447
7115
5199
5350
1681
622
893
5716
422
4438
4217
4920
2842
6927
777
2309
1253
5098
6857
1465
2520
9314
3371
7016
4852
