2729
2018
513
1505
1289
142
2078
1615
133
2917
2626
697
895
1546
1198
1278
2643
804
1374
914
925
1388
677
2433
503
1990
936
668
1294
2196
814
186
33
2127
1197
2157
1189
43
2222
2875
1386
214
916
365
388
30
596
1901
1253
256
773
1231
1270
2637
2758
851
674
323
868
1613
2864
2258
1482
51
74
1709
354
2076
1492
829
286
651
205
1470
1636
2611
820
2240
1160
975
1808
2990
2500
2215
2031
2316
944
2113
2582
2732
162
1188
208
11
440
1180
1099
47
1474
2331
1714
1586
1942
537
158
751
2041
2324
2158
2484
2854
2728
2255
1232
671
2616
1367
568
326
1121
2950
2217
76
675
1981
107
1182
2149
2999
216
1665
305
1589
2224
241
1476
866
2313
2440
389
864
959
180
375
1902
2026
791
2547
1280
1497
2118
80
275
2849
894
862
1770
2015
1362
2832
1088
1496
2928
1866
1898
2356
2123
753
1113
846
2379
2667
1102
910
442
346
1910
961
1116
246
227
1740
487
1329
2073
2318
249
1626
2984
1340
850
637
1436
2564
270
1988
2289
1128
2403
810
2944
2276
2589
1809
2677
1568
1802
1483
1687
2818
2670
2350
1487
2202
2793
445
605
2071
2719
1771
2443
364
2722
4
784
298
2074
193
2111
1543
135
409
2492
1708
27
213
2327
1143
2765
1414
2496
2173
1119
670
646
1520
1796
638
2553
2591
2267
1317
1063
1610
821
1148
1109
2561
113
2412
1555
1376
2070
2337
808
1225
2788
749
2029
1957
319
2179
288
663
2562
1065
1185
769
1272
2517
2956
509
2757
1068
656
2346
419
695
977
564
2039
2146
2648
1034
2766
870
811
2366
2388
443
2344
2102
349
1635
766
593
1354
2655
40
125
630
1576
1667
1627
2664
280
1439
1668
705
987
502
2067
406
430
2420
1083
1026
344
94
1756
359
2147
1529
805
381
2554
146
374
2894
1845
1844
2472
687
1167
2781
1314
2676
88
557
15
2256
2281
1611
1915
1230
2691
459
1236
2174
340
55
950
1085
1542
2186
2493
1125
2013
1150
1645
1980
1987
902
2695
2409
1171
453
2137
1393
1412
589
308
1879
860
600
414
681
2959
991
2857
969
1027
486
2167
157
2332
2542
786
1047
647
1965
2408
515
2769
2086
867
2288
2870
972
2952
1363
169
1986
369
1895
2165
1700
479
2794
1229
2480
597
548
1032
2132
352
155
974
685
1900
54
263
1794
832
118
2707
150
1194
2447
2139
1405
1502
2777
869
1842
2981
2266
477
1674
2166
1295
236
2659
2743
1731
1752
1744
1684
217
1240
716
1265
2651
1848
577
2315
2349
726
1734
362
508
183
314
1939
1595
948
591
436
652
95
1582
2587
2665
622
922
1625
2792
2277
2770
824
1749
2035
1930
2087
2563
547
1465
2384
2537
62
2790
164
1758
2061
983
704
494
1308
2540
50
2641
2468
863
1053
2198
2251
2954
608
1129
777
935
1475
1394
2851
1962
1872
1184
1528
2424
2811
22
750
2856
1823
1473
1103
1411
1404
1039
2983
632
1056
856
2360
1050
279
1250
879
1846
1857
2364
2090
2941
694
355
1764
1084
134
1991
1136
1717
324
1834
1192
594
384
1288
2322
2376
137
1637
1976
1315
2884
2461
2397
559
645
1602
361
447
1407
457
1067
2710
1691
1263
2011
1357
415
531
454
2298
1594
2504
719
2946
2334
2619
311
966
757
743
242
408
71
2808
2470
2304
289
1949
926
2629
2413
2059
2264
947
1044
1551
711
1729
2572
2576
175
1907
883
2495
1803
185
2877
2138
2401
2093
2812
265
1108
1628
1858
1585
291
2162
1096
575
2437
2005
2852
1423
1916
252
1351
1914
2180
1563
2869
2592
368
2713
203
654
818
1868
1549
2608
462
2633
194
2421
1202
2607
2252
1956
212
1874
2817
985
1927
1442
2961
1742
2391
1365
2
427
2602
682
1741
1919
452
1462
2656
174
762
2040
2272
1259
1334
1361
2396
1596
2021
737
1925
1310
1737
2027
1767
1430
1292
2190
2238
49
72
980
1822
2306
827
1871
1330
1466
2394
2155
2499
1481
527
1479
2099
2612
2109
6
2805
2910
611
455
2831
2103
1427
474
1527
1584
248
1410
699
2527
1058
2297
2280
2618
2207
1422
1526
848
1282
396
2014
60
2873
641
1131
2787
1583
1269
1617
1940
1255
598
1622
730
100
2482
341
1285
2557
2148
1693
2204
2823
2236
1350
2096
2008
1588
2416
1387
1309
325
1377
58
2756
2135
885
2890
426
1204
882
1663
712
1161
2987
606
2977
702
342
2613
546
2494
1472
2543
2438
123
2474
2930
141
771
2929
1420
1806
1973
1435
581
1216
2694
905
2314
891
148
171
2923
2900
2993
1853
116
147
1429
1169
901
237
2072
1651
1464
1445
1159
2763
2957
2340
2259
1694
1671
1164
1873
1051
1790
794
997
2307
2498
1793
32
1094
2057
1247
1338
1064
1728
1933
893
2249
2583
2886
1071
900
1831
2529
1977
570
1826
1825
514
2431
1014
402
2245
1461
2614
978
1226
2436
1689
986
561
1353
2446
466
1675
2534
836
17
1055
2017
1073
1936
672
2133
2853
625
287
2627
2720
968
2140
276
188
1748
1574
522
2820
1931
209
631
1647
1320
1186
888
1140
412
780
222
1619
1390
1523
2284
154
2153
153
2581
2506
1593
2975
1830
2022
1484
1451
2704
450
1041
2300
2942
918
13
745
1865
970
2962
215
1597
1425
1813
2050
937
722
1118
1241
2683
2776
1681
1701
1460
994
138
1333
1837
1581
2365
1657
2622
2858
2181
913
1880
1239
2610
335
223
1639
1046
1402
2507
1406
586
788
446
327
152
2512
96
1852
835
2925
897
906
277
2241
1676
1251
912
2176
2451
1228
2747
642
441
1106
2888
1379
1010
127
941
844
1417
789
727
1082
261
87
2708
2363
1457
139
2701
2465
2678
930
360
2979
1318
1953
1985
1418
274
1759
580
2464
760
1620
63
67
838
285
56
669
1598
1076
1698
520
2370
122
2233
2650
348
733
2702
497
231
1450
1037
2063
1193
847
403
516
2336
2112
776
295
692
2091
908
392
2310
2524
772
120
1955
1177
2907
1818
1604
64
1079
383
1908
1163
2422
755
1181
1371
683
1130
2893
956
1909
2970
982
1951
2385
1048
2551
1458
2882
2774
963
2684
1158
2515
1769
1166
2028
2246
1110
790
1654
2058
2523
1335
492
2460
2047
2837
2904
2265
843
920
2809
2871
1341
1326
2949
428
2802
942
2191
2134
136
962
2490
2913
1607
2689
2632
1560
1725
984
971
752
2625
2293
117
1480
1366
1501
140
350
1463
2152
1815
2600
312
2380
1137
267
2400
499
2357
1762
1000
828
2428
1631
271
898
1692
2367
2105
1211
778
599
1207
2760
2450
2329
316
801
9
2845
1213
1293
1974
1791
708
1513
2386
1592
387
822
1892
1210
1440
1141
1421
2194
1144
2301
2705
2032
472
1792
1276
2978
2963
2889
1219
2916
410
1718
1400
1132
2711
1932
2263
1996
2803
556
166
512
37
662
2229
2082
2546
881
2520
1917
533
562
1152
1323
571
1093
2681
590
1072
2585
1781
617
1059
429
1840
66
2860
2426
1286
826
1998
2605
1313
2741
400
65
19
7
1045
2668
2927
2879
1679
1789
2552
1381
105
1738
168
649
603
1302
1227
347
318
1565
536
1522
2193
1562
1711
565
334
1097
1254
1433
1176
2844
2556
284
232
2891
1052
1504
1005
1003
1408
219
2717
1087
747
2299
2516
129
2566
2319
2807
317
1804
1078
458
1018
521
861
498
517
1721
582
322
2184
845
1348
1090
2639
550
1284
1467
2931
729
102
2151
2481
1553
2727
2055
294
2296
2822
1558
2816
1659
2712
482
189
2785
954
2936
1816
2663
1495
2434
2580
958
1838
2862
812
1765
2045
345
2522
2985
1327
554
1541
2037
1984
1854
1832
1344
2640
2417
1015
2225
875
798
2075
1468
1779
607
1478
2660
2154
1491
725
176
2230
2638
2519
2328
2673
1441
1471
278
2901
2937
2850
191
434
1114
2861
1424
859
1777
2653
549
2142
2966
2675
2454
465
2829
1572
1836
82
2124
1850
2772
939
1828
2317
1947
333
1195
2735
540
2819
2220
2887
1459
1573
2100
1827
1903
2740
2658
2565
173
2206
1719
24
45
1070
293
1888
2739
2521
583
1646
2079
2095
2748
1983
1623
887
1431
2836
1884
2177
1257
1260
2533
1086
1757
2921
1864
1877
210
2160
995
2042
731
1383
633
2568
2211
2939
199
1928
1382
85
2216
1649
2577
1007
2485
2335
48
1547
2459
1069
2692
1268
666
490
1510
1672
207
567
1303
1398
569
2456
613
1165
1173
1409
1224
2128
2271
1535
534
1609
181
903
783
1712
283
83
1291
2253
2442
1992
1704
2567
1899
1666
1608
2768
2323
696
2427
1196
8
2007
715
2048
927
2125
1444
332
1168
1570
1493
2920
932
585
1413
2452
425
2604
799
2094
2559
2402
1201
578
239
931
1009
871
2578
2549
240
2326
1795
1952
929
1477
2948
2270
2824
1798
2945
1145
451
304
2192
849
746
837
2859
2144
196
2855
1699
1664
1539
2688
1518
2696
2330
2902
31
1469
21
2375
2407
2833
510
145
1869
1174
2371
1590
1715
754
18
1632
2501
2795
1730
1447
489
460
1456
2598
2089
1485
1446
2734
449
1945
1311
579
819
1347
1975
957
2842
2903
260
573
951
1766
86
1550
1776
187
397
551
128
2025
621
379
2690
2525
1279
915
1343
1238
1098
1819
1305
371
2185
422
1835
2122
889
2538
1999
167
2531
268
1525
1686
965
1680
420
2449
2339
2483
659
1754
1726
177
2905
1696
61
2992
1016
300
78
979
1921
2986
2555
1733
2737
2597
2730
2550
159
1346
2348
1155
1337
2749
1115
2081
1012
1498
1245
2642
16
710
2965
1349
1281
103
2697
399
1290
247
211
1713
2573
2896
2295
1971
2685
243
1548
2164
2341
2762
1301
1266
505
2647
1544
124
2126
2311
2129
192
12
2023
2775
1100
680
1768
2410
259
2159
1817
309
5
444
993
661
2828
2509
1875
1958
1449
834
1571
2469
552
2980
2897
2885
1661
1142
816
1782
2429
2867
1904
488
2778
456
1682
2237
1618
1017
1652
560
1954
1149
2444
555
2841
132
1564
2358
475
809
59
2669
1267
2783
911
2012
2974
46
1175
484
1434
2114
253
329
1062
2218
1271
1217
2175
1401
234
1006
2231
2595
2475
634
1134
653
2703
2250
2283
1122
1552
1579
2024
1849
2874
878
717
604
1723
2085
2034
1755
101
2002
1262
612
90
467
2038
2838
315
1124
1889
1944
2418
1772
2780
363
161
904
2960
2054
2872
2603
119
890
439
1233
2432
2771
2473
1787
143
2615
1060
2476
1578
2810
2199
1043
201
2593
998
1923
2244
644
1031
2010
541
2098
2372
1601
1264
1997
542
1384
504
2268
351
303
226
800
2227
1156
170
592
1105
1208
448
1331
2115
2998
572
2362
1147
238
2052
2723
2880
538
1360
1575
1126
1896
405
2750
1486
1256
734
2530
480
313
2411
2453
1359
874
84
2278
2652
339
357
1325
75
1662
2414
706
967
2751
1438
2083
2815
2988
2636
2389
2399
807
2898
2914
1512
1321
469
2101
529
2951
500
190
2210
235
407
1534
996
1644
2361
110
2390
1151
1839
2830
468
92
2214
2068
1968
2374
81
2736
2575
2287
1200
2477
2187
1139
343
1370
2843
416
336
2260
1587
2744
1612
535
14
628
2030
2065
2536
1745
2156
2275
1403
2767
461
853
1926
1396
2212
2764
640
1033
1378
2107
693
909
1170
1780
629
77
1948
1972
1249
2709
2779
2119
20
2649
1038
2601
1702
1918
1127
438
1178
307
2847
10
255
1922
1810
2848
1054
842
328
857
495
2725
539
2821
2511
1112
1784
2347
767
795
1503
0
686
2620
1452
2806
635
2043
1368
1912
2044
738
356
417
648
1566
1913
2290
2387
657
2839
2846
624
1022
2539
1074
1057
1243
923
511
1283
485
1524
2274
1261
382
2478
2352
251
2624
1870
1448
163
131
2934
2680
1519
1235
1724
1821
1154
1658
964
553
756
673
2866
1883
707
1107
688
667
525
1814
817
2579
42
2120
2631
1312
483
2922
2997
785
1077
825
262
2972
2679
2308
358
2486
2594
676
299
2938
2208
297
1516
1863
1580
2333
2731
943
2935
2353
1851
781
1800
25
109
2754
623
1385
2201
1678
1841
2753
506
1355
2634
29
353
1324
1629
1882
108
2262
2169
2019
2699
1395
2205
476
1820
2355
2009
2170
2773
2178
2163
1234
728
2590
1218
1599
2242
761
2510
1389
619
2226
2405
1537
2392
2826
370
1829
2513
281
1206
792
200
23
229
1924
2535
1042
660
52
386
1799
1133
1688
2716
1630
1138
1358
2502
1532
1683
330
2423
114
310
973
380
2425
1736
614
684
2958
1786
1223
1669
2909
1488
532
558
228
741
873
79
2062
2462
765
1246
2279
2466
35
2714
182
2080
2203
2273
2036
1747
1995
2892
2782
2940
1089
620
2051
2248
1146
2976
1025
1993
2825
1720
530
97
721
758
2441
91
68
2282
1807
2541
1753
2463
1399
1891
1964
803
2646
1024
391
2924
2912
999
2514
1416
858
1763
544
2305
2623
2320
1019
1833
1938
1426
933
543
1222
1392
907
831
2471
1716
2863
292
2813
938
302
376
748
2545
115
2209
2223
899
464
1554
2467
528
2197
1979
1274
1540
218
1685
2046
665
664
615
320
945
1959
266
197
1867
1172
337
2532
2791
2189
796
470
149
1380
1650
2004
2419
1013
2239
1490
2919
423
2971
595
2715
1209
1117
833
1030
1391
2325
404
2309
2804
1893
1941
764
1732
1603
934
740
1035
1536
1244
1801
1591
385
724
921
2064
204
759
2799
69
1966
1961
1811
2698
739
2168
2404
366
840
1843
1690
1847
2254
1788
2786
1946
1419
2682
1215
1706
2291
2745
1489
2686
1950
1322
2544
2721
1075
2982
1978
2968
1506
618
823
1569
184
2994
2899
1656
2738
610
855
1507
1989
1021
1797
220
1761
2343
526
301
976
1273
1415
2294
2457
2056
418
1963
2733
2674
2286
2503
2106
2369
601
1328
2136
1508
1104
2110
2881
1638
1373
2183
1120
952
2718
1695
2172
2321
2518
471
1561
2797
1934
584
2053
545
1642
2195
1906
2599
126
1428
1339
1432
1937
1856
2104
202
1304
988
2628
225
473
338
1855
1187
1774
768
367
121
1746
2840
830
2635
1
519
2415
2141
1514
1364
1020
2671
1677
377
1710
658
1356
1751
99
650
273
1890
744
2188
703
463
1994
678
41
1860
917
981
2609
1252
946
990
36
679
250
1509
1135
1894
2143
2117
797
3
1002
1296
896
224
1220
393
732
2488
1559
1190
2351
787
1783
2489
1739
763
989
112
793
1221
1905
609
106
1556
2798
1970
2487
1300
2606
1911
178
1773
2835
2801
2508
880
2995
2257
2973
2654
1123
2497
151
1812
2528
1722
839
1567
2000
627
244
1316
2247
2700
523
395
1040
587
1511
398
38
2989
34
2586
1080
53
2292
2393
2359
2479
1960
1248
2069
643
195
2221
2131
1336
2827
1237
413
1545
2448
2066
2033
2746
701
886
478
928
2800
1153
431
2991
2706
884
1437
2752
1203
1023
1707
2088
2445
70
2354
2285
230
144
2439
518
156
865
1705
2455
2876
2381
1494
2996
206
1515
373
290
1199
723
2108
1969
2926
2458
2377
39
1004
1443
2302
2571
1455
1633
2644
1028
854
2953
636
2868
1778
1881
1499
421
221
2560
940
1861
1092
1727
378
1095
2662
2150
98
872
775
2784
2130
1205
779
130
2171
700
1307
1943
433
1157
331
160
626
924
815
691
1369
2342
372
2596
2003
2588
2645
1735
1703
639
1332
179
1521
2761
2693
1805
1183
877
1982
1453
1258
1298
2368
2182
306
718
2006
735
424
2001
2908
1287
1743
1299
2060
802
1886
507
2312
1011
198
282
1824
432
2933
2219
1214
233
1640
1162
264
574
2906
2430
1111
2918
2955
2883
841
1775
2303
949
2584
1557
2672
1179
2097
2661
2269
720
2943
524
1531
2228
1643
1785
296
2505
714
2261
2911
1008
690
1101
2213
1641
806
481
1036
576
2947
1750
1648
254
1605
73
390
2383
2235
2574
269
2232
1029
2834
26
1935
401
698
1517
1538
892
2395
2378
1673
111
955
1500
2796
394
245
2724
563
104
1920
1049
713
1319
2161
1454
2726
2526
2049
774
1191
1624
2092
89
2967
2742
1297
2020
770
852
2932
272
602
411
2657
2687
2406
1897
2121
28
1653
1001
2435
491
165
2016
960
1606
1634
1660
2084
919
2617
2814
2077
321
1859
1600
258
1621
501
2915
1306
2558
1345
2789
257
2373
2243
2630
709
2759
1876
1066
1530
2491
1577
2200
2398
2570
2234
689
172
992
736
1533
953
1967
93
566
1885
1277
2548
588
1670
2895
2569
44
2755
655
437
742
1242
2621
1397
2345
2865
2666
435
2145
496
1929
1862
616
2116
1375
2964
1887
1760
813
782
493
2878
1655
1091
1878
1697
1614
1372
1212
57
1352
876
1616
2382
1342
1061
1275
1081
2338
2969
